tno	uno	code	lno	adult	youth	chlid	price	point	date				
1	84	R361DZ	24	0	0	3	6000	0	2026-01-17				
2	56	WGXT9B	30	5	0	4	28000	1400	2025-06-09				
3	81	3O2XCH	59	5	5	4	43000	2150	2026-02-05				
4	3	CJ05T1	2	2	4	0	20000	1000	2026-01-22				
5	92	9W4X2D	33	3	3	0	21000	1050	2025-08-02				
6	6	FFQB3R	41	1	4	3	22000	1100	2025-09-14				
7	54	1UJV4Q	11	0	2	1	8000	0	2025-09-21				
8	97	F6F7PO	67	3	3	5	31000	1550	2025-07-27				
9	56	3F67OF	44	1	3	4	21000	1050	2025-08-21				
10	99	O6YHUY	50	0	4	0	12000	600	2025-07-15				
11	37	7AOHUG	52	5	4	2	36000	1800	2026-02-12				
12	72	4IW7PC	27	5	0	1	22000	1100	2025-12-17				
13	93	4E49K9	5	5	5	5	45000	2250	2025-09-06				
14	53	H9NWS5	29	1	3	0	13000	650	2025-12-30				
15	80	Q7M9N6	69	4	0	4	24000	1200	2025-10-26				
16	38	J2DWEH	22	1	2	2	14000	700	2026-02-16				
17	19	KQGX5D	68	5	5	0	35000	1750	2025-07-20				
18	14	2PV5GR	66	4	3	0	25000	1250	2025-06-08				
19	96	CKN4SN	46	2	4	4	28000	1400	2026-02-02				
20	30	MBOZ5D	48	3	4	5	34000	1700	2025-07-01				
21	32	RQR7R2	3	2	1	5	21000	1050	2026-02-01				
22	10	R5R68O	42	1	4	4	28800	1440	2025-12-24				
23	37	GZT94V	70	4	2	5	38400	1920	2025-11-14				
24	92	E0K099	63	5	3	1	37200	1860	2026-04-10				
25	65	4XFRPI	36	4	4	0	33600	1680	2025-08-08				
26	6	13B6E9	41	2	4	3	31200	1560	2025-09-11				
27	58	CAQNY6	21	5	5	3	49200	2460	2025-06-04				
28	41	NXPS2U	27	2	4	3	31200	1560	2025-12-13				
29	58	4IV4S9	24	4	2	1	28800	1440	2026-01-17				
30	81	XUHN6G	5	2	2	3	24000	1200	2025-09-18				
31	24	LG5KL2	49	4	3	4	39600	1980	2026-05-13				
32	76	T9RGH1	14	5	5	2	46800	2340	2025-12-06				
33	9	98B1UB	47	5	3	3	42000	2100	2026-01-02				
34	97	9HYILI	30	2	0	2	14400	720	2025-06-09				
35	95	E64JK5	65	5	1	4	37200	1860	2025-09-05				
36	91	XMEYR5	15	3	3	1	27600	1380	2025-09-21				
37	89	468XTT	66	4	5	1	39600	1980	2025-06-09				
38	91	E7WWER	62	3	4	5	34000	1700	2025-04-21				
39	31	23MOGI	31	0	2	4	14000	700	2025-11-12				
40	84	M27U1H	19	5	3	4	37000	1850	2025-07-15				
41	8	8TN001	20	1	3	0	13000	650	2025-10-11				
42	31	5C87XL	23	0	5	1	17000	850	2025-08-16				
43	5	XEMNT2	59	5	3	4	37000	1850	2025-12-21				
44	11	INR5F4	53	3	5	4	35000	1750	2025-06-05				
45	78	4BRJ6K	64	3	1	3	21000	1050	2025-09-02				
46	23	ZT1HC6	37	4	5	0	31000	1550	2025-06-22				
47	86	2AQGOW	28	5	4	1	34000	1700	2025-12-09				
48	78	T4MJYA	48	1	3	4	21000	1050	2025-06-27				
49	68	HZ9PO8	29	3	2	3	24000	1200	2025-12-30				
50	76	BDUZ0U	38	1	2	5	20000	1000	2025-11-13				
51	65	Z3GPOB	41	4	1	5	29000	1450	2025-09-13				
52	97	60SJ2C	32	0	3	1	11000	550	2025-07-04				
53	59	EI6GIJ	49	1	5	1	21000	1050	2025-12-09				
54	27	W93RVB	72	5	3	4	37000	1850	2026-01-12				
55	36	2Q791J	19	3	2	3	24000	1200	2025-07-10				
56	9	NB82BG	51	1	4	0	16000	800	2026-03-05				
57	29	R25PIT	53	3	4	0	24000	1200	2025-10-10				
58	92	HE7XJJ	51	1	3	0	13000	650	2026-05-01				
59	1	43TY3U	51	5	2	2	30000	1500	2026-01-28				
60	11	6VWKAS	32	2	4	3	26000	1300	2025-06-23				
61	20	8LT74H	30	5	0	0	20000	1000	2025-06-06				
62	55	C2C8ZB	62	3	1	4	23000	1150	2026-03-07				
63	9	1I3SI5	15	2	0	2	12000	600	2025-09-28				
64	3	2EE1PC	59	5	1	3	34800	1740	2025-11-06				
65	87	56WFAT	66	1	0	3	12000	600	2025-06-13				
66	88	QF9ATM	42	2	2	1	19200	960	2026-01-03				
67	6	CDX0CJ	24	1	1	1	10800	540	2026-01-16				
68	97	KDWM7M	52	1	2	0	12000	600	2026-02-18				
69	37	PJSY2M	16	3	4	2	33600	1680	2025-08-13				
70	63	K8CK8G	7	5	5	0	42000	2100	2026-02-23				
71	79	5BRRGW	7	5	3	1	37200	1860	2026-02-14				
72	95	2BEB4B	5	0	4	1	14000	700	2025-09-09				
73	60	5VUQOL	6	3	2	4	26000	1300	2026-01-01				
74	22	ME9F15	72	1	1	2	11000	550	2026-01-15				
75	86	J1B1WA	31	0	2	0	6000	0	2025-11-12				
76	82	Q103SB	30	1	3	1	15000	750	2025-06-11				
77	96	ME8NP4	15	5	5	3	41000	2050	2025-09-25				
78	40	BPVX39	8	3	2	2	22000	1100	2025-08-02				
79	98	AKGUQ6	60	3	0	0	12000	600	2025-06-24				
80	69	O5YNMI	9	0	5	1	17000	850	2025-11-17				
81	98	C32HD0	63	5	1	4	31000	1550	2026-03-24				
82	9	KGAX6P	40	0	2	0	6000	0	2026-02-16				
83	73	7MK6ZM	17	2	4	5	30000	1500	2026-01-29				
84	34	XHW9AA	36	4	4	5	38000	1900	2025-08-04				
85	55	821H7E	1	2	3	2	21000	1050	2025-09-10				
86	87	RJC7NC	66	0	1	4	11000	550	2025-06-08				
87	25	8A2MQM	55	5	1	5	33000	1650	2025-11-10				
88	85	AZ55C2	65	4	0	2	20000	1000	2025-09-13				
89	48	C74RJF	69	1	3	3	19000	950	2025-11-17				
90	14	OF9E9D	54	3	2	0	18000	900	2025-10-23				
91	89	V0E881	7	0	2	5	16000	800	2026-02-20				
92	98	53NMWW	64	2	5	4	31000	1550	2025-10-16				
93	16	4LGW85	56	2	5	3	29000	1450	2025-12-18				
94	17	82CITX	65	1	1	5	17000	850	2025-09-07				
95	84	ZE8K56	20	1	4	1	18000	900	2025-10-30				
96	63	PJ039D	14	5	1	2	27000	1350	2025-11-29				
97	79	UYS468	12	4	0	3	22000	1100	2025-09-30				
98	26	R5AVP3	38	3	3	5	31000	1550	2025-11-13				
99	58	7BDT92	20	4	2	2	31200	1560	2025-10-19				
100	26	QKPK0J	12	0	1	0	3600	0	2025-09-23				
101	51	QUK8WA	10	4	2	2	31200	1560	2025-12-21				
102	93	VFCC1D	35	0	5	3	25200	1260	2025-12-08				
103	18	8RQCQR	49	4	4	0	33600	1680	2026-05-02				
104	12	W05K8X	57	3	1	5	30000	1500	2025-09-30				
105	28	E3P6IM	21	3	5	0	32400	1620	2025-06-03				
106	95	W48T1O	35	3	5	4	42000	2100	2025-12-05				
107	8	W8DQDN	53	1	4	1	21600	1080	2025-06-21				
108	63	0FV3LM	51	1	4	4	28800	1440	2026-05-22				
109	86	NHN0DT	5	2	1	0	13200	660	2025-09-10				
110	21	KK7GBB	57	5	1	0	27600	1380	2025-09-25				
111	15	YXEEA6	68	3	3	0	25200	1260	2025-07-22				
112	16	ZQFE4W	16	2	1	0	13200	660	2025-08-09				
113	44	FR293U	8	0	3	0	10800	540	2025-08-05				
114	88	30DWQ1	3	0	4	1	16800	840	2026-01-25				
115	96	ISOH2C	44	3	0	0	12000	600	2025-08-11				
116	79	HH8H9M	33	3	2	5	28000	1400	2025-08-16				
117	97	0KSUHL	30	4	3	2	29000	1450	2025-06-05				
118	6	S7YGJ1	51	5	1	1	25000	1250	2026-06-07				
119	97	F2ZX8V	66	5	4	1	34000	1700	2025-06-05				
120	22	8I46NF	1	1	3	4	21000	1050	2025-09-05				
121	56	X553N3	8	1	3	4	21000	1050	2025-08-04				
122	9	28V5H9	33	1	3	4	21000	1050	2025-08-02				
123	90	3WHWSZ	9	3	5	2	31000	1550	2025-11-10				
124	10	I9WYRN	13	4	1	4	27000	1350	2024-12-22				
125	34	7NE3N3	69	5	3	5	39000	1950	2025-11-06				
126	51	6N2SS0	34	0	3	1	11000	550	2025-06-20				
127	11	JDR44C	28	2	5	3	29000	1450	2025-12-13				
128	75	5UFDJ9	10	4	4	0	28000	1400	2025-12-23				
129	36	ZAE2Z2	37	4	5	2	35000	1750	2025-06-16				
130	92	P1M7EF	45	0	4	5	22000	1100	2026-01-23				
131	38	8EVHLA	47	4	3	3	31000	1550	2026-01-02				
132	30	MZZG7T	17	0	5	3	21000	1050	2026-02-04				
133	38	YC6GK2	42	3	3	2	25000	1250	2025-12-31				
134	53	6O1PBM	70	4	2	5	32000	1600	2025-11-15				
135	36	YKP7UV	45	2	4	2	24000	1200	2026-01-15				
136	74	Q8SLAA	60	4	0	5	26000	1300	2025-06-10				
137	67	GXT78S	53	2	1	2	15000	750	2026-03-07				
138	29	3GDUQG	45	2	5	1	25000	1250	2026-01-17				
139	89	93UT9H	1	0	2	5	16000	800	2025-09-11				
140	63	RB7585	13	3	3	3	27000	1350	2024-12-26				
141	100	A28RJG	22	2	4	0	24000	1200	2026-02-17				
142	42	QVGP6E	62	5	5	5	54000	2700	2025-11-21				
143	39	0JV5Q4	13	1	0	0	4800	0	2024-12-26				
144	99	U95KE7	14	0	0	3	7200	0	2025-12-07				
145	40	WPEGX0	39	3	5	0	32400	1620	2025-06-17				
146	88	2S5IKE	30	0	1	5	15600	780	2025-06-06				
147	5	DR9IVG	59	3	2	4	31200	1560	2026-01-11				
148	5	TCVXH9	16	4	2	3	33600	1680	2025-08-08				
149	20	5V4GOG	1	2	1	3	20400	1020	2025-09-10				
150	47	UL3M6G	11	3	2	5	33600	1680	2025-09-22				
151	91	LJXZ9U	54	3	0	5	26400	1320	2025-11-22				
152	57	PL3V81	61	1	3	3	22800	1140	2026-01-24				
153	46	RB89KX	26	3	3	0	25200	1260	2026-03-05				
154	27	BIRD3I	62	4	4	3	40800	2040	2026-06-20				
155	57	T4S6BZ	32	3	4	3	36000	1800	2025-07-14				
156	71	BIL2HT	3	3	0	1	16800	840	2026-01-09				
157	12	NO9YDO	8	0	5	4	27600	1380	2025-08-04				
158	60	2PM0AK	44	5	5	1	44400	2220	2025-08-11				
159	13	PHPD65	34	3	3	1	27600	1380	2025-06-24				
160	83	8SN6B4	48	4	3	4	33000	1650	2025-07-01				
161	88	OJU2QX	23	2	1	2	15000	750	2025-08-16				
162	10	2XM69S	7	3	0	4	20000	1000	2026-02-17				
163	95	AA4HZ0	40	4	2	0	22000	1100	2026-02-15				
164	18	OXKZI3	72	2	3	2	21000	1050	2026-01-11				
165	70	CTJED5	71	3	0	2	16000	800	2025-08-27				
166	44	4UQZ7H	39	1	3	0	13000	650	2025-06-21				
167	22	0WCOQJ	45	2	1	5	21000	1050	2026-01-13				
168	80	1ALVVZ	67	3	1	3	21000	1050	2025-07-23				
169	62	OJM6FX	6	5	4	5	42000	2100	2026-01-03				
170	1	CNJM58	54	0	2	0	6000	0	2025-10-07				
171	57	EFEQ1H	31	3	2	5	28000	1400	2025-11-13				
172	86	28NLMH	50	1	0	3	10000	500	2025-09-14				
173	79	1RRA0Y	7	3	5	5	37000	1850	2026-02-19				
174	19	CNLG46	6	5	2	0	26000	1300	2026-01-09				
175	3	18DZSO	40	0	1	1	5000	0	2026-02-08				
176	6	G5IU9R	10	2	0	0	8000	0	2025-12-24				
177	70	2K38Z0	19	2	0	2	12000	600	2025-07-11				
178	92	WG84RW	55	4	2	3	28000	1400	2025-12-11				
179	15	SD6BDS	30	1	1	1	9000	0	2025-06-08				
180	68	Y39312	3	5	4	5	42000	2100	2026-02-10				
181	66	1MBKTA	18	4	5	4	39000	1950	2025-08-10				
182	55	34UKQK	49	5	5	3	41000	2050	2026-04-22				
183	11	41HAIK	2	0	1	3	9000	0	2026-02-03				
184	77	Q9E87Y	50	2	0	2	12000	600	2025-09-04				
185	84	D8YWG9	17	1	3	5	23000	1150	2026-01-28				
186	41	CM9L8D	32	3	3	4	29000	1450	2025-06-11				
187	21	2O9O0E	45	2	1	5	21000	1050	2026-01-18				
188	68	HEDH74	13	5	4	4	40000	2000	2024-12-24				
189	71	S8G6DK	28	0	5	5	30000	1500	2025-12-13				
190	41	V8YS0M	18	1	4	0	19200	960	2025-08-13				
191	15	UW7839	28	0	2	2	12000	600	2025-12-16				
192	98	HOL7MZ	40	2	3	0	20400	1020	2026-02-11				
193	2	77AU0G	6	5	2	2	36000	1800	2026-01-08				
194	70	MZ4QNR	28	5	3	4	44400	2220	2025-12-04				
195	21	HU4VEP	51	5	4	5	50400	2520	2026-01-24				
196	1	9K5015	31	1	3	3	22800	1140	2025-11-12				
197	37	FMBR46	61	1	5	4	27000	1350	2025-09-27				
198	42	0G7I8H	29	5	4	0	32000	1600	2025-12-25				
199	14	L2VLHR	4	1	0	5	14000	700	2025-11-08				
200	71	ND88E4	26	0	3	2	13000	650	2026-03-04				
201	16	FHSS1L	63	1	3	4	21000	1050	2025-07-04				
202	79	39RJZM	12	1	3	1	15000	750	2025-10-04				
203	80	859CVA	36	3	2	1	20000	1000	2025-07-31				
204	29	C01KSX	24	0	4	4	20000	1000	2026-01-17				
205	46	2E981D	42	5	5	0	35000	1750	2025-12-28				
206	2	91FE5G	60	1	5	1	21000	1050	2025-07-04				
207	93	LFX1K1	43	1	5	1	21000	1050	2025-07-27				
208	8	Z77XV6	23	3	1	3	21000	1050	2025-08-10				
209	91	T370G7	42	3	5	2	31000	1550	2025-12-30				
210	42	YGVHC5	19	0	3	3	15000	750	2025-07-10				
211	90	8U98T6	18	2	3	2	21000	1050	2025-08-10				
212	67	2UGZFU	7	5	1	3	29000	1450	2026-02-14				
213	20	R7WTBQ	19	5	1	3	29000	1450	2025-07-13				
214	57	7I3DF7	48	2	0	5	21600	1080	2025-07-03				
215	51	9ZWHIP	51	2	1	1	15600	780	2026-03-03				
216	49	NF9CDI	24	1	4	0	19200	960	2026-01-16				
217	67	VE81T7	22	0	5	5	30000	1500	2026-02-15				
218	35	WUAP2I	37	4	4	1	36000	1800	2025-06-24				
219	12	EA9WWJ	17	2	1	3	20400	1020	2026-01-28				
220	82	SJ8CWS	3	4	1	5	34800	1740	2026-02-06				
221	99	EFR1Z1	54	3	5	3	39600	1980	2025-12-05				
222	60	462DJA	32	4	5	0	37200	1860	2025-06-30				
223	43	B8OTRR	47	4	2	5	32000	1600	2026-01-03				
224	85	387DCO	69	3	0	3	18000	900	2025-10-26				
225	55	SGWG9D	70	4	5	3	37000	1850	2025-11-22				
226	32	8BX26Z	3	4	1	0	19000	950	2026-01-23				
227	77	MVHHZ3	31	4	5	0	31000	1550	2025-11-15				
228	98	X4W3RG	14	2	2	2	18000	900	2025-12-03				
229	74	L5UBED	23	5	0	1	22000	1100	2025-08-15				
230	62	66ET34	59	0	3	4	17000	850	2026-01-17				
231	68	UQWJ4F	26	0	1	1	5000	0	2026-02-24				
232	64	3H14KC	15	5	3	0	29000	1450	2025-09-30				
233	66	Q96BF6	46	4	4	1	30000	1500	2026-02-08				
234	87	P5SLB5	7	2	4	1	22000	1100	2026-02-24				
235	33	YNUH3A	28	4	2	1	24000	1200	2025-12-07				
236	86	0VY0AY	52	4	5	2	35000	1750	2026-02-08				
237	81	LX7G3K	21	5	3	1	31000	1550	2025-06-11				
238	66	BW36TW	19	4	3	2	29000	1450	2025-07-12				
239	46	691FE1	13	3	2	4	26000	1300	2024-12-23				
240	63	54NWL8	22	5	0	5	30000	1500	2026-02-18				
241	31	9KJDPC	24	0	4	1	14000	700	2026-01-12				
242	53	EKT4VP	41	4	2	2	26000	1300	2025-09-07				
243	86	49MLHV	25	3	4	0	24000	1200	2025-07-24				
244	85	QWUP14	24	2	1	5	21000	1050	2026-01-17				
245	76	SXA5RJ	41	2	0	5	18000	900	2025-09-08				
246	48	XJI1XH	6	4	1	5	29000	1450	2026-01-02				
247	54	QRZ7QG	23	5	1	4	31000	1550	2025-08-08				
248	16	ROP6BU	54	3	3	1	23000	1150	2025-11-13				
249	33	1CR64I	17	4	0	0	16000	800	2026-02-01				
250	31	J0T1VG	30	4	0	4	24000	1200	2025-06-10				
251	10	D7KPKJ	34	1	5	2	23000	1150	2025-06-16				
252	78	FWY8KV	2	5	0	5	36000	1800	2026-02-03				
253	14	TF8N9I	67	1	0	1	7200	0	2025-07-29				
254	43	KW29XL	64	5	2	2	36000	1800	2025-10-16				
255	20	2E7V39	45	0	0	1	2400	0	2026-01-20				
256	71	5A77OV	66	1	4	2	24000	1200	2025-06-10				
257	18	TVUGB9	50	5	1	3	34800	1740	2025-11-25				
258	61	85J6NN	58	5	5	0	42000	2100	2025-08-29				
259	93	DI3DEK	1	2	2	5	28800	1440	2025-09-10				
260	69	1G7HTQ	52	3	1	4	27600	1380	2026-02-28				
261	39	4FY2WN	18	2	0	3	16800	840	2025-08-13				
262	25	XD092A	48	2	4	3	31200	1560	2025-06-24				
263	57	1Z3MW2	12	4	3	0	25000	1250	2025-09-16				
264	34	BTFZ0L	4	5	5	1	37000	1850	2025-11-07				
265	92	T96ICR	47	4	0	1	18000	900	2026-01-12				
266	41	COVZ1Q	59	1	3	0	13000	650	2025-11-12				
267	60	BY0OO4	16	1	0	2	8000	0	2025-08-15				
268	97	6U34EV	63	2	3	4	25000	1250	2026-01-01				
269	64	WCCS9D	56	0	1	2	7000	0	2025-11-21				
270	74	ROXB75	22	4	0	1	18000	900	2026-02-20				
271	36	1B0I8W	52	1	0	4	12000	600	2026-02-10				
272	34	IW25CO	34	0	3	1	11000	550	2025-06-24				
273	41	LTMZ29	44	1	1	4	15000	750	2025-08-16				
274	70	G26PE4	60	1	3	0	13000	650	2025-06-15				
275	70	LGEPS5	52	1	1	2	11000	550	2026-02-11				
276	87	7SCXNM	34	4	5	0	31000	1550	2025-06-16				
277	5	EO1CMY	67	4	2	3	28000	1400	2025-08-02				
278	29	2WAF2F	38	3	5	3	33000	1650	2025-11-18				
279	7	F2Y0PZ	7	4	5	3	37000	1850	2026-02-27				
280	89	2HKWZC	20	2	1	5	21000	1050	2025-10-24				
281	80	QLZCK8	28	4	4	1	30000	1500	2025-12-17				
282	98	RG6WAG	47	0	0	4	8000	0	2026-01-09				
283	14	8PT8MO	56	1	4	5	26000	1300	2026-04-09				
284	92	CA9AG9	62	5	0	3	26000	1300	2025-10-20				
285	46	Z0CT21	16	2	0	2	12000	600	2025-08-10				
286	80	MZSN0Y	12	2	2	0	14000	700	2025-09-09				
287	50	6V6YCD	47	5	3	5	39000	1950	2026-01-03				
288	26	AK3AQC	64	4	1	3	25000	1250	2025-09-12				
289	70	YR5OLE	30	0	3	4	17000	850	2025-06-10				
290	71	Q1DQHE	42	1	0	2	8000	0	2025-12-31				
291	86	3EGSZI	30	3	3	0	21000	1050	2025-06-05				
292	10	DSVZ7W	28	5	3	3	35000	1750	2025-12-03				
293	100	QZ8V8V	58	3	2	0	18000	900	2025-12-21				
294	21	B6BY8U	20	5	3	2	33000	1650	2025-10-19				
295	67	8DA29P	10	2	2	4	22000	1100	2025-12-20				
296	89	M9NWGE	35	5	5	5	45000	2250	2025-12-03				
297	3	1P2H8J	32	4	2	0	22000	1100	2025-06-14				
298	1	YB3J79	68	1	1	5	17000	850	2025-07-24				
299	35	5AKL9E	28	4	0	3	22000	1100	2025-12-13				
300	35	9B1PL6	17	3	3	4	34800	1740	2026-01-28				
301	99	Q71DWA	65	0	4	3	21600	1080	2025-08-30				
302	61	N57VOD	19	5	4	4	48000	2400	2025-07-14				
303	49	I7KICR	15	2	0	0	9600	0	2025-09-25				
304	4	SC9MOU	43	2	3	4	30000	1500	2025-08-11				
305	59	C8M48D	5	3	2	2	26400	1320	2025-09-05				
306	44	O9CWMD	48	1	5	0	22800	1140	2025-06-29				
307	19	5ZJZ65	33	3	3	0	25200	1260	2025-09-20				
308	58	QEL4Y5	1	2	4	1	26400	1320	2025-09-10				
309	19	L43W6B	33	0	0	4	9600	0	2025-09-04				
310	40	QC2H7D	3	0	0	4	9600	0	2026-01-23				
311	100	T06NHS	27	4	1	5	34800	1740	2025-12-20				
312	39	C0LKX2	33	2	1	2	18000	900	2025-09-15				
313	83	04X46O	12	0	1	3	10800	540	2025-09-19				
314	72	PHQ316	51	0	4	2	16000	800	2026-04-09				
315	41	KYRY2B	3	3	2	1	20000	1000	2026-01-22				
316	68	4CSITT	1	0	2	1	8000	0	2025-09-07				
317	10	V1XFII	12	4	5	0	31000	1550	2025-09-27				
318	39	Q8PRQW	54	2	1	2	15000	750	2025-10-02				
319	17	B2AXXK	59	2	0	0	8000	0	2025-11-05				
320	41	N8ZA5R	53	2	2	5	24000	1200	2025-07-27				
321	20	7YOUVF	60	2	3	0	17000	850	2025-06-19				
322	29	58NIK8	32	4	3	4	33000	1650	2025-06-06				
323	6	VUA0OB	24	3	5	2	31000	1550	2026-01-12				
324	65	KAZ96R	42	2	1	2	15000	750	2026-01-02				
325	53	1NO95A	21	4	3	0	25000	1250	2025-06-07				
326	26	SKF43U	26	4	0	5	26000	1300	2026-02-28				
327	96	T4L1WN	5	1	5	2	23000	1150	2025-09-09				
328	19	5CE849	45	5	0	5	30000	1500	2026-01-13				
329	88	00HBUD	25	2	1	5	21000	1050	2025-07-18				
330	8	FYA4LD	67	3	1	2	19000	950	2025-07-25				
331	50	GPWYD5	48	4	1	1	21000	1050	2025-06-27				
332	17	Y23RLD	22	2	0	3	14000	700	2026-02-15				
333	38	Z2YOSQ	69	1	2	4	18000	900	2025-11-23				
334	52	1EKHBM	49	0	4	3	18000	900	2026-04-11				
335	7	6DC9GT	58	4	5	5	41000	2050	2025-08-29				
336	20	M0WG2I	34	0	2	3	12000	600	2025-06-22				
337	27	Q782NM	46	4	4	0	28000	1400	2026-02-04				
338	41	QT4KUH	49	5	2	3	32000	1600	2026-03-09				
339	39	H9TOHY	42	3	2	0	18000	900	2025-12-31				
340	4	0K5Z6S	49	3	1	4	23000	1150	2025-12-17				
341	100	C3YCVD	4	1	2	4	18000	900	2025-11-18				
342	90	P1ESJV	21	2	4	1	22000	1100	2025-06-01				
343	57	1O6WNE	26	2	1	5	21000	1050	2026-03-01				
344	98	AG65CM	31	3	1	2	19000	950	2025-11-16				
345	58	WH0553	39	2	3	1	19000	950	2025-06-19				
346	89	O9O80L	41	1	2	1	12000	600	2025-09-07				
347	66	CT579H	68	2	3	4	25000	1250	2025-07-16				
348	4	7GWOQX	31	2	0	3	16800	840	2025-11-14				
349	19	RLF802	24	2	4	2	28800	1440	2026-01-15				
350	8	QMLY71	62	1	4	3	26400	1320	2025-12-07				
351	53	KSJ2Q9	13	4	5	0	37200	1860	2024-12-21				
352	62	VJN14Q	25	4	1	1	25200	1260	2025-07-22				
353	28	GLV3ED	52	5	5	1	44400	2220	2026-02-14				
354	10	261FMI	24	4	3	0	30000	1500	2026-01-18				
355	28	IQLS1N	19	1	1	2	11000	550	2025-07-16				
356	70	A2AMZ4	49	5	0	0	20000	1000	2026-04-11				
357	60	WRTEZ7	53	3	1	1	17000	850	2025-09-16				
358	60	18CFJN	48	4	5	3	37000	1850	2025-06-27				
359	62	VCVA1U	36	3	4	4	32000	1600	2025-08-24				
360	16	RLC188	60	4	1	1	21000	1050	2025-06-15				
361	23	0I0P4H	39	5	1	2	27000	1350	2025-06-21				
362	4	5V42QB	56	2	5	0	23000	1150	2025-12-25				
363	1	R1NQI2	48	2	3	5	27000	1350	2025-07-02				
364	82	AVHGT8	16	5	1	1	25000	1250	2025-08-09				
365	18	BZ3QKZ	66	3	0	4	20000	1000	2025-06-15				
366	18	3R810S	67	4	1	2	23000	1150	2025-07-19				
367	44	1GIF05	59	5	4	2	36000	1800	2026-01-29				
368	23	8TKR6X	5	4	3	4	33000	1650	2025-09-11				
369	64	JI1ARU	13	1	5	4	27000	1350	2024-12-23				
370	51	PM58WO	41	1	5	5	29000	1450	2025-09-08				
371	98	2QR41S	18	0	5	3	21000	1050	2025-08-15				
372	57	HLND0C	48	1	1	5	17000	850	2025-06-29				
373	46	S2RBZJ	31	2	4	3	26000	1300	2025-11-18				
374	40	668ZTG	4	2	0	5	18000	900	2025-11-01				
375	16	6TUUD9	16	2	5	3	29000	1450	2025-08-09				
376	45	50MEEK	33	0	0	2	4000	0	2025-08-16				
377	34	K6S7EG	12	0	4	5	22000	1100	2025-10-02				
378	33	6BX76A	54	2	3	3	23000	1150	2025-10-23				
379	16	7SWJH3	23	1	2	2	14000	700	2025-08-09				
380	34	GB2A0V	31	4	1	2	23000	1150	2025-11-14				
381	2	8XNBH8	40	3	4	2	28000	1400	2026-02-16				
382	97	Q9ECEN	28	4	0	2	20000	1000	2025-12-20				
383	38	W2CUGB	10	1	5	2	23000	1150	2025-12-22				
384	82	2CQ1N3	44	0	5	2	19000	950	2025-08-17				
385	10	OR1K70	14	1	4	2	20000	1000	2025-12-07				
386	29	OFS3WN	61	4	5	5	41000	2050	2025-11-10				
387	9	AY7VNS	15	1	4	2	20000	1000	2025-09-20				
388	52	ARF7YR	10	2	5	5	39600	1980	2025-12-18				
389	28	GT6WKS	72	5	3	0	34800	1740	2026-01-06				
390	71	NY4WVG	57	5	5	4	51600	2580	2025-10-02				
391	37	BRYW8M	56	5	2	0	31200	1560	2025-12-31				
392	28	2RHB6H	43	3	5	0	32400	1620	2025-07-24				
393	16	Z3SOQU	43	2	4	1	26400	1320	2025-07-15				
394	74	43JSH8	41	1	4	1	21600	1080	2025-09-10				
395	95	WM12BT	38	5	2	5	43200	2160	2025-11-13				
396	97	BEJI07	32	3	2	0	21600	1080	2025-06-29				
397	78	JOAUV0	22	3	0	2	19200	960	2026-02-14				
398	74	O6AI7K	32	5	1	2	32400	1620	2025-06-09				
399	91	3S6NPV	25	0	1	0	3600	0	2025-07-20				
400	53	49TPJ3	49	1	3	5	27600	1380	2026-06-17				
401	42	ZP2SWZ	50	2	4	2	28800	1440	2025-09-12				
402	3	G39X7V	39	4	5	4	39000	1950	2025-06-22				
403	37	86S177	15	1	5	2	23000	1150	2025-09-25				
404	90	IERZJ8	68	4	1	1	21000	1050	2025-07-18				
405	78	3RQ7HL	53	1	2	3	16000	800	2025-06-30				
406	23	ARXKN6	27	3	5	3	33000	1650	2025-12-18				
407	81	33GEXV	35	3	1	0	15000	750	2025-12-05				
408	100	SINP46	65	0	3	5	19000	950	2025-08-29				
409	34	PXFT4N	68	1	3	4	21000	1050	2025-07-26				
410	43	HVI0AS	2	3	2	5	28000	1400	2026-02-04				
411	100	LQU0HT	36	2	1	3	17000	850	2025-08-17				
412	24	Q582BU	66	4	4	2	32000	1600	2025-06-09				
413	80	J82DF7	15	4	0	5	26000	1300	2025-09-29				
414	22	6NJ7T7	5	5	4	3	38000	1900	2025-09-12				
415	73	S7ERM5	28	4	5	5	41000	2050	2025-12-18				
416	3	KJWHW7	28	3	1	3	21000	1050	2025-12-20				
417	54	PME9PY	72	0	4	2	16000	800	2026-01-24				
418	45	NKRV3Y	19	5	4	2	36000	1800	2025-07-10				
419	46	71JMV4	18	4	2	3	28000	1400	2025-08-13				
420	69	J657LK	25	3	1	2	19000	950	2025-07-20				
421	48	T5KU3G	8	4	2	2	26000	1300	2025-08-05				
422	81	O6SQ3E	5	1	1	3	13000	650	2025-09-08				
423	86	G1ZW73	33	5	5	0	35000	1750	2025-08-08				
424	1	9YY7A6	21	0	2	2	10000	500	2025-06-07				
425	56	FH9MT5	35	4	3	0	25000	1250	2025-12-01				
426	81	OR8WHT	47	3	1	1	17000	850	2026-01-09				
427	86	2HB112	71	0	4	3	21600	1080	2026-03-15				
428	45	WDXVW7	64	5	2	3	38400	1920	2025-08-09				
429	91	404SHX	71	3	3	4	34800	1740	2026-06-08				
430	79	RN53K5	49	4	4	3	40800	2040	2026-02-04				
431	33	2573FJ	65	4	0	0	19200	960	2025-09-03				
432	86	AI5L9E	31	0	5	5	30000	1500	2025-11-18				
433	40	F9HPME	42	2	1	3	20400	1020	2025-12-30				
434	90	NW30RJ	44	3	5	0	32400	1620	2025-08-20				
435	1	VRVQI4	30	0	0	5	12000	600	2025-06-09				
436	93	6T5KTI	3	5	4	3	45600	2280	2026-01-27				
437	31	GAO5XB	28	5	4	3	45600	2280	2025-12-07				
438	10	79XOPE	20	1	3	0	15600	780	2025-10-17				
439	16	4S9I6E	31	4	4	1	30000	1500	2025-11-16				
440	76	X6CGCA	44	1	0	1	6000	0	2025-08-11				
441	74	KSS96V	37	2	2	1	16000	800	2025-06-21				
442	84	TT7OG2	25	3	5	3	33000	1650	2025-07-25				
443	47	B0FTT5	39	2	1	0	11000	550	2025-06-19				
444	86	62000H	23	4	0	5	26000	1300	2025-08-16				
445	13	CWY9XI	52	5	1	3	29000	1450	2026-02-14				
446	61	9XME1A	15	5	4	2	36000	1800	2025-09-25				
447	84	OD21E8	39	0	1	2	7000	0	2025-06-21				
448	31	PVJQY8	47	3	5	5	37000	1850	2026-01-05				
449	30	SD72A8	50	1	2	4	18000	900	2025-06-08				
450	51	UN61MU	14	1	4	0	16000	800	2025-12-07				
451	93	I80T9Y	30	2	4	5	30000	1500	2025-06-01				
452	26	LMXRP6	33	5	3	5	39000	1950	2025-09-18				
453	22	G7WNM2	71	2	2	1	16000	800	2025-08-01				
454	56	WR75D8	36	2	2	5	24000	1200	2025-08-16				
455	86	W1D7RW	10	1	1	5	17000	850	2025-12-24				
456	23	GQ252F	63	2	0	4	16000	800	2026-03-17				
457	49	9LYW4A	18	4	3	3	31000	1550	2025-08-08				
458	53	LY0069	55	0	4	0	12000	600	2025-12-13				
459	66	6T0M4N	22	4	3	2	29000	1450	2026-02-16				
460	40	G8M9O4	59	5	0	5	30000	1500	2026-02-25				
461	47	JE7947	12	3	5	5	37000	1850	2025-09-28				
462	62	F5R268	48	2	3	4	25000	1250	2025-07-04				
463	7	29UFBL	35	0	2	4	14000	700	2025-12-07				
464	55	4VA1YN	45	2	1	1	13000	650	2026-01-19				
465	48	ZG3QG9	57	4	2	0	22000	1100	2025-09-28				
466	99	X5N4IR	67	0	2	5	16000	800	2025-07-26				
467	38	S0KUWO	15	4	1	4	27000	1350	2025-09-21				
468	64	L15I8K	1	0	3	4	17000	850	2025-09-09				
469	87	3F4NQ6	29	3	1	4	23000	1150	2025-12-27				
470	63	TI3NKP	45	0	1	2	7000	0	2026-01-14				
471	90	DMV0HI	9	3	4	2	28000	1400	2025-11-16				
472	16	T7DXAB	6	0	2	0	6000	0	2026-01-02				
473	4	H5591A	35	0	4	0	14400	720	2025-11-29				
474	38	3MCA3I	53	0	3	0	10800	540	2025-12-15				
475	92	3DUEJ2	41	0	5	0	18000	900	2025-09-16				
476	37	MGE3NG	1	3	3	2	30000	1500	2025-09-09				
477	70	EBE6NG	38	0	3	0	10800	540	2025-11-15				
478	38	3ZWL50	28	4	3	3	37200	1860	2025-12-13				
479	39	P8WARS	46	5	5	5	54000	2700	2026-02-09				
480	82	0YV4KP	5	4	2	5	32000	1600	2025-09-07				
481	20	6CTUQR	38	1	0	3	10000	500	2025-11-16				
482	54	O64WP2	6	4	1	3	25000	1250	2026-01-05				
483	84	OC6TXH	51	2	1	2	15000	750	2026-05-14				
484	28	7QPT6F	67	0	2	3	12000	600	2025-07-26				
485	76	96NCVS	21	5	5	3	41000	2050	2025-06-07				
486	49	5Q0XAX	67	3	3	5	31000	1550	2025-07-28				
487	89	JQ7GVB	18	3	5	0	27000	1350	2025-08-12				
488	71	NSTAA4	61	3	3	5	31000	1550	2026-01-21				
489	13	S8I0OW	67	0	5	0	15000	750	2025-07-23				
490	21	KRBX4A	10	5	2	2	30000	1500	2025-12-24				
491	76	0MX1M8	23	5	1	4	31000	1550	2025-08-08				
492	39	Q4S1YF	16	5	1	5	33000	1650	2025-08-09				
493	76	5NZC76	9	2	2	2	18000	900	2025-11-14				
494	89	ALWJP5	60	5	1	1	25000	1250	2025-06-29				
495	40	QG6PKE	20	5	1	2	27000	1350	2025-10-10				
496	53	O5MGIC	15	2	2	5	24000	1200	2025-09-22				
497	90	8ZGF0J	63	3	5	4	35000	1750	2026-05-23				
498	100	TTOB6T	27	5	1	1	25000	1250	2025-12-20				
499	19	A1HFH6	49	1	1	2	11000	550	2026-02-14				
500	97	7EZLE0	44	3	0	2	16000	800	2025-08-10				
501	87	LYWO6P	34	4	0	3	22000	1100	2025-06-25				
502	35	AGI1H6	7	1	5	1	21000	1050	2026-02-16				
503	59	AJMQM7	46	4	3	1	32400	1620	2026-02-01				
504	91	XO78FN	50	1	0	2	9600	0	2025-06-30				
505	75	OFA8UD	46	3	3	2	30000	1500	2026-02-06				
506	2	M854PS	57	0	4	0	14400	720	2025-10-01				
507	65	2E1VCL	59	4	3	5	42000	2100	2026-02-09				
508	62	L5RHZ9	6	1	1	3	15600	780	2026-01-05				
509	60	N80T6I	72	5	3	5	46800	2340	2026-01-19				
510	99	JZTEK7	66	4	0	2	20000	1000	2025-06-06				
511	20	6CSURR	58	0	0	5	10000	500	2025-10-11				
512	67	0G1UCT	22	1	2	4	18000	900	2026-02-21				
513	9	CENB2S	31	2	0	2	12000	600	2025-11-15				
514	26	Q1Z844	30	1	0	4	12000	600	2025-06-08				
515	58	32A6X2	20	4	0	1	18000	900	2025-10-30				
516	2	D65E5P	65	5	0	3	26000	1300	2025-09-07				
517	87	YATK0E	64	2	2	4	22000	1100	2025-08-25				
518	76	Z12IZD	72	0	3	5	19000	950	2026-01-10				
519	12	68NA0V	4	2	3	2	21000	1050	2025-10-28				
520	85	2Z6Y15	9	0	4	5	22000	1100	2025-11-13				
521	87	5C8V5R	58	3	2	3	24000	1200	2025-10-27				
522	36	RBR3PX	5	2	0	4	16000	800	2025-09-09				
523	98	DO40EW	54	0	4	1	14000	700	2025-12-03				
524	54	D316JV	36	1	0	5	14000	700	2025-08-01				
525	44	9FCXYE	47	5	3	0	29000	1450	2026-01-09				
526	52	0Z5RRI	59	0	2	4	14000	700	2026-01-09				
527	89	RK8X02	13	2	2	2	18000	900	2024-12-21				
528	81	7VRT5Y	23	5	1	2	27000	1350	2025-08-16				
529	48	7GX43P	47	0	2	2	10000	500	2026-01-03				
530	76	YCA6MR	48	4	5	3	37000	1850	2025-07-02				
531	25	ZT58OS	17	0	1	3	9000	0	2026-01-28				
532	20	LUDXX1	12	0	0	5	10000	500	2025-09-15				
533	25	TG7PIY	3	4	3	0	25000	1250	2026-01-22				
534	42	5RX1AI	19	5	3	4	44400	2220	2025-07-16				
535	19	E6VKC1	34	5	2	4	40800	2040	2025-06-24				
536	57	DD3W4G	60	2	1	1	15600	780	2025-06-30				
537	24	FS5LN2	72	0	5	3	25200	1260	2026-01-08				
538	8	OIV3PT	72	1	3	3	22800	1140	2026-01-11				
539	86	XC65US	2	5	0	4	33600	1680	2026-02-12				
540	45	K9KLIE	43	3	4	2	33600	1680	2025-07-24				
541	81	TRHOV1	31	2	3	2	25200	1260	2025-11-17				
542	49	86YVMQ	71	4	3	5	42000	2100	2025-07-14				
543	9	FXB3SQ	72	5	3	2	39600	1980	2026-01-26				
544	99	UR92B5	9	2	3	2	25200	1260	2025-11-12				
545	17	RTZBD4	12	1	3	0	15600	780	2025-10-08				
546	76	EYT8RD	1	5	5	2	46800	2340	2025-09-11				
547	2	VF4KHV	38	5	1	5	39600	1980	2025-11-22				
548	21	U6BLXC	5	1	3	5	27600	1380	2025-09-16				
549	78	DDMU3Q	24	0	1	3	10800	540	2026-01-18				
550	60	RGITJ3	15	3	3	3	27000	1350	2025-09-21				
551	41	EH8C97	24	2	4	4	28000	1400	2026-01-16				
552	62	EU1M1G	8	1	4	3	22000	1100	2025-08-03				
553	76	3SENV6	3	4	2	4	30000	1500	2026-01-15				
554	80	1Z32EB	21	3	5	4	35000	1750	2025-06-04				
555	19	FRT9OC	13	5	2	2	30000	1500	2024-12-25				
556	33	373ZI1	21	3	5	3	33000	1650	2025-06-09				
557	30	6OATW7	51	4	5	3	37000	1850	2026-04-03				
558	17	I7Y8KO	71	5	1	1	25000	1250	2026-03-04				
559	61	JHRL04	36	3	1	5	25000	1250	2025-07-31				
560	87	KM39LO	57	4	1	0	19000	950	2025-09-27				
561	50	NJH41L	71	0	4	4	20000	1000	2025-09-25				
562	91	VYQT8X	44	1	2	2	14000	700	2025-08-21				
563	74	YF5ASN	60	5	1	3	29000	1450	2025-06-15				
564	18	CITO2T	36	1	5	2	23000	1150	2025-07-31				
565	19	8HULR0	37	5	5	2	39000	1950	2025-06-26				
566	89	F7DMUK	54	4	3	1	27000	1350	2025-10-30				
567	3	83E1OQ	7	2	2	0	14000	700	2026-02-21				
568	82	W5SA5V	60	2	2	1	16000	800	2025-06-12				
569	49	2KFA14	19	2	1	3	17000	850	2025-07-15				
570	59	QM89G3	29	4	5	3	37000	1850	2025-12-30				
571	97	HHMG9R	26	5	0	4	28000	1400	2026-03-04				
572	10	UJP1FM	61	3	3	4	29000	1450	2025-09-29				
573	28	6M7BMC	71	2	5	3	29000	1450	2025-12-09				
574	50	FF7WJE	12	5	2	0	26000	1300	2025-09-30				
575	61	7F17FE	61	2	0	1	10000	500	2026-02-20				
576	46	44ZWP8	67	0	1	3	9000	0	2025-07-20				
577	20	362HBT	35	4	3	4	33000	1650	2025-12-01				
578	43	M3WX4G	30	3	4	1	26000	1300	2025-06-01				
579	62	2JEDUL	34	1	3	2	20400	1020	2025-06-21				
580	84	7R8D1W	50	2	2	0	16800	840	2025-09-07				
581	97	8GXHUM	56	0	2	5	19200	960	2025-12-03				
582	97	GLHH54	64	4	1	2	27600	1380	2025-09-24				
583	94	CX3OXM	54	4	3	4	39600	1980	2025-11-10				
584	26	FR1RN9	47	1	2	2	16800	840	2026-01-07				
585	18	425YWJ	15	5	1	1	30000	1500	2025-09-28				
586	42	BLEDN6	58	0	4	4	24000	1200	2025-08-30				
587	18	LJM3X1	35	0	4	1	16800	840	2025-12-05				
588	88	PY15TN	6	1	1	2	11000	550	2026-01-02				
589	27	M4LBT6	9	5	4	3	38000	1900	2025-11-16				
590	63	D3IXUA	7	3	5	3	33000	1650	2026-02-20				
591	91	F8IO2P	35	1	4	5	26000	1300	2025-11-30				
592	90	6ZEYAY	27	2	5	1	25000	1250	2025-12-13				
593	7	E9FWUL	19	4	1	4	27000	1350	2025-07-18				
594	62	XBF35H	41	2	2	5	24000	1200	2025-09-10				
595	62	7MDST7	51	5	3	3	35000	1750	2026-05-05				
596	6	KFO9SR	27	3	2	0	18000	900	2025-12-22				
597	38	ZRY85A	52	3	4	2	28000	1400	2026-03-16				
598	53	JH9S0X	25	3	5	3	33000	1650	2025-07-19				
599	3	1H67BG	26	5	5	4	43000	2150	2026-03-02				
600	24	XMU1FG	35	5	1	2	27000	1350	2025-12-02				
601	31	T1WRDE	68	5	4	1	34000	1700	2025-07-18				
602	42	TUIU04	57	2	0	3	14000	700	2025-09-30				
603	69	8PYPI9	58	3	5	0	27000	1350	2025-12-11				
604	10	28WALR	35	5	1	4	31000	1550	2025-12-06				
605	52	GM44WS	17	5	2	1	28000	1400	2026-02-04				
606	27	0QBX2P	23	5	0	5	30000	1500	2025-08-10				
607	84	XHMDY7	29	3	4	2	28000	1400	2025-12-22				
608	55	32GGSF	19	0	4	2	16000	800	2025-07-15				
609	82	QU0OWJ	51	0	4	2	16000	800	2026-05-15				
610	56	9O1RMW	43	1	5	4	27000	1350	2025-08-06				
611	66	2T0KKN	54	5	0	0	20000	1000	2025-10-20				
612	92	S61322	57	4	4	2	32000	1600	2025-10-04				
613	4	6ZF5G0	43	3	5	4	35000	1750	2025-07-28				
614	4	7FQLU3	37	5	3	1	31000	1550	2025-06-17				
615	56	ZPIN2C	5	3	2	1	20000	1000	2025-09-12				
616	36	EDDY05	58	0	3	0	9000	0	2025-09-21				
617	18	GX5GDF	17	0	3	3	15000	750	2026-02-02				
618	91	E8LT2B	38	4	2	5	38400	1920	2025-11-18				
619	47	R7B3DB	62	1	0	3	12000	600	2026-04-06				
620	70	T95A13	31	3	4	3	36000	1800	2025-11-17				
621	100	XLX1HU	63	4	5	3	44400	2220	2025-12-02				
622	29	BYTHQ7	34	0	3	4	20400	1020	2025-06-22				
623	70	RPUM0Q	24	1	1	3	15600	780	2026-01-16				
624	93	WS9UHE	41	0	5	5	30000	1500	2025-09-17				
625	97	ET99VJ	3	1	5	2	27600	1380	2026-01-14				
626	18	JB3EUV	70	3	5	5	44400	2220	2025-11-17				
627	42	BOI5KU	50	1	1	4	15000	750	2025-09-04				
628	81	AJT41K	31	4	2	3	28000	1400	2025-11-16				
629	89	AFU2P6	71	5	4	4	40000	2000	2025-10-27				
630	72	RHDE6T	69	1	5	2	23000	1150	2025-10-25				
631	39	6ASX67	33	3	4	5	34000	1700	2025-08-12				
632	44	72502S	6	1	5	2	23000	1150	2026-01-07				
633	89	R9OH6J	7	0	1	3	9000	0	2026-02-25				
634	12	VJR376	26	1	1	3	13000	650	2026-02-23				
635	38	JO6UBX	58	1	1	5	17000	850	2026-01-09				
636	63	O7ID3C	33	4	3	4	33000	1650	2025-07-20				
637	29	M0PCQ5	29	0	1	2	7000	0	2025-12-26				
638	39	AOU4LF	22	2	0	3	14000	700	2026-02-18				
639	98	8EVBCU	61	4	2	3	28000	1400	2026-01-31				
640	75	X1L78N	34	3	3	2	25000	1250	2025-06-17				
641	76	T9FU3T	48	3	1	0	15000	750	2025-06-28				
642	62	4AANO0	45	2	0	2	12000	600	2026-01-17				
643	44	73Z793	42	3	3	5	31000	1550	2025-12-27				
644	29	P7NP5Z	13	0	0	1	2000	0	2024-12-21				
645	27	GFY0N4	7	3	4	4	32000	1600	2026-02-23				
646	89	C72H60	24	3	4	0	24000	1200	2026-01-13				
647	27	801IKU	13	4	5	4	39000	1950	2024-12-25				
648	28	RXWEH0	43	5	3	4	37000	1850	2025-08-09				
649	62	J4PHLV	29	2	4	3	26000	1300	2025-12-26				
650	27	MYDA41	15	2	0	1	10000	500	2025-09-30				
651	8	NZ0PUG	33	4	1	0	19000	950	2025-07-16				
652	95	RD6AQI	11	5	1	1	25000	1250	2025-09-19				
653	38	SQ97BT	47	4	4	5	38000	1900	2026-01-02				
654	56	FYN8R8	72	1	4	4	24000	1200	2026-01-13				
655	49	9D2JBT	27	4	4	5	38000	1900	2025-12-15				
656	4	NQU2ME	72	5	5	5	45000	2250	2026-01-08				
657	75	GAY23B	69	5	4	3	38000	1900	2025-10-14				
658	80	EKZ679	42	5	1	5	33000	1650	2025-12-31				
659	61	KUP24G	62	5	0	0	20000	1000	2026-06-23				
660	79	OA6W2D	29	0	0	3	6000	0	2025-12-24				
661	34	V8Q111	33	5	4	4	40000	2000	2025-09-23				
662	58	DOCSI0	36	1	0	0	4800	0	2025-08-16				
663	100	1D5BPX	38	0	2	5	19200	960	2025-11-16				
664	35	SNR22Q	13	4	0	4	28800	1440	2024-12-21				
665	48	T8PXJX	7	3	0	1	16800	840	2026-02-27				
666	56	2NZH06	9	0	3	1	13200	660	2025-11-12				
667	27	OUMVA1	70	4	0	2	24000	1200	2025-11-24				
668	93	3G4EJ1	17	0	3	3	15000	750	2026-01-28				
669	27	02SJO4	16	4	4	1	30000	1500	2025-08-14				
670	34	P69GFD	46	5	5	3	41000	2050	2026-02-01				
671	64	JL45O9	38	4	5	4	39000	1950	2025-11-13				
672	58	S1F06B	16	2	3	5	27000	1350	2025-08-15				
673	34	V7ASJE	14	0	2	4	14000	700	2025-12-01				
674	24	P7RTHE	9	2	5	2	27000	1350	2025-11-12				
675	41	9FE4UC	27	1	1	0	7000	0	2025-12-21				
676	33	6OVV9B	53	4	1	3	25000	1250	2025-05-28				
677	86	HMCY4O	7	2	5	1	25000	1250	2026-02-16				
678	52	FAAUD3	48	0	1	1	5000	0	2025-06-26				
679	95	5ESXVX	57	5	1	4	31000	1550	2025-09-30				
680	19	FOS2BR	53	4	2	0	22000	1100	2026-02-24				
681	52	48A9TI	31	4	2	3	28000	1400	2025-11-17				
682	44	QRFHJ5	35	3	4	5	34000	1700	2025-11-29				
683	74	B2BOM9	41	1	4	5	26000	1300	2025-09-10				
684	27	JK8D97	61	0	5	5	25000	1250	2026-02-04				
685	88	W842GF	30	3	1	2	19000	950	2025-06-02				
686	55	NAYGN4	39	5	2	1	28000	1400	2025-06-22				
687	24	YA6U6I	9	0	1	2	7000	0	2025-11-17				
688	94	L5JQF3	70	5	4	0	32000	1600	2025-11-10				
689	92	VR6BBA	43	5	3	1	31000	1550	2025-08-03				
690	30	8KYPHX	20	3	5	3	33000	1650	2025-10-16				
691	40	S9D9TW	65	4	4	1	30000	1500	2025-09-05				
692	26	EPWY1I	46	3	4	2	28000	1400	2026-02-06				
693	46	OVJO0H	55	1	1	2	11000	550	2025-11-20				
694	60	YC4WKF	29	0	1	0	3000	0	2025-12-26				
695	68	1BZ0GG	12	4	4	2	32000	1600	2025-10-08				
696	25	N5IK1T	8	1	3	3	19000	950	2025-08-01				
697	1	PLP0TX	54	3	1	0	15000	750	2025-11-27				
698	33	44H9U0	3	5	3	4	37000	1850	2026-01-03				
699	30	GG4Y3G	4	4	4	5	38000	1900	2025-10-23				
700	68	91U5HY	46	1	5	1	21000	1050	2026-02-08				
701	41	Z0W7VW	50	2	1	0	13200	660	2025-10-22				
702	85	RMCY1I	63	0	5	1	20400	1020	2025-09-18				
703	76	U61XA9	45	0	2	3	14400	720	2026-01-20				
704	65	430H29	66	0	1	0	3600	0	2025-06-12				
705	48	TX8EHF	71	2	3	1	22800	1140	2026-06-10				
706	75	RLXP3I	61	0	2	3	14400	720	2026-04-21				
707	81	DHWB7H	24	1	0	5	16800	840	2026-01-16				
708	23	O7Z4HX	10	1	1	1	10800	540	2025-12-21				
709	93	OMEQ5G	33	0	5	1	20400	1020	2025-07-16				
710	78	VQD187	54	2	1	2	18000	900	2025-10-19				
711	83	XGZ3UO	32	0	0	3	6000	0	2025-06-25				
712	39	M2KT4I	27	5	0	4	28000	1400	2025-12-14				
713	5	I3FEX4	21	3	0	4	20000	1000	2025-06-06				
714	31	N5KE8T	3	4	1	4	27000	1350	2026-01-29				
715	94	Z0GFXK	57	0	0	2	4000	0	2025-10-04				
716	33	OT9BPL	6	4	0	4	24000	1200	2026-01-05				
717	31	LQ0N34	13	0	3	1	11000	550	2024-12-21				
718	44	9D847L	59	1	1	3	13000	650	2026-01-17				
719	33	F5L1M8	36	2	3	4	25000	1250	2025-08-14				
720	13	EEXC0O	41	1	0	5	14000	700	2025-09-12				
721	32	XLX3DK	36	3	2	5	28000	1400	2025-08-20				
722	65	LLU87Y	27	2	3	5	27000	1350	2025-12-22				
723	71	UOVN8T	3	5	1	0	23000	1150	2025-12-29				
724	33	1QNLV0	7	3	0	5	22000	1100	2026-02-17				
725	19	EKC365	14	2	2	5	24000	1200	2025-11-29				
726	69	05UAM4	65	3	3	5	31000	1550	2025-09-02				
727	44	M22AFB	65	4	2	5	32000	1600	2025-09-15				
728	88	U41URJ	40	0	4	3	18000	900	2026-02-09				
729	43	905EIC	36	5	1	3	29000	1450	2025-08-16				
730	68	9U72VQ	56	0	4	4	20000	1000	2026-02-07				
731	3	ILUAC5	4	2	1	1	13000	650	2025-11-05				
732	13	Q4SZT0	26	5	5	4	43000	2150	2026-02-26				
733	6	0U9NN4	10	3	4	0	24000	1200	2025-12-18				
734	51	1XDGJI	33	2	1	2	15000	750	2025-09-26				
735	35	3B0JMT	41	4	2	0	26400	1320	2025-09-11				
736	76	T60O8M	7	5	4	5	50400	2520	2026-02-22				
737	15	4IX6P3	53	3	3	4	34800	1740	2025-10-05				
738	63	WJLF8T	27	1	4	5	31200	1560	2025-12-22				
739	34	E8M1OU	68	1	0	1	7200	0	2025-07-18				
740	28	8BUTMN	53	0	3	4	20400	1020	2025-08-29				
741	3	9P3QKX	15	3	4	3	36000	1800	2025-09-24				
742	21	PUG0KL	65	2	1	4	22800	1140	2025-09-15				
743	57	HS1LSL	67	4	5	1	39600	1980	2025-07-21				
744	38	BJV7FN	8	5	4	2	43200	2160	2025-08-05				
745	95	1XKBTX	34	3	5	1	34800	1740	2025-06-23				
746	79	YJR6XY	37	5	1	4	31000	1550	2025-06-22				
747	52	F19POY	14	5	0	1	22000	1100	2025-11-29				
748	18	O43E80	8	0	1	0	3000	0	2025-08-05				
749	38	N6GVME	54	2	4	3	26000	1300	2025-11-01				
750	12	ZP32G0	51	4	4	1	30000	1500	2026-01-10				
751	48	KNI6M4	24	3	5	4	35000	1750	2026-01-12				
752	97	UOACH9	53	5	4	3	38000	1900	2025-11-04				
753	44	CC165R	51	4	0	3	22000	1100	2025-11-25				
754	23	T5EJ20	62	2	4	4	28000	1400	2025-04-04				
755	100	DL2VEW	9	2	5	5	33000	1650	2025-11-12				
756	60	6YY3S2	7	3	0	5	22000	1100	2026-03-02				
757	38	R8DHP8	18	0	2	4	14000	700	2025-08-14				
758	53	0ZJ731	60	1	3	0	13000	650	2025-06-20				
759	62	WBM5RT	23	2	2	2	18000	900	2025-08-11				
760	50	UJ3T3K	33	3	1	2	19000	950	2025-09-22				
761	44	27FHQ7	19	3	3	1	23000	1150	2025-07-18				
762	33	LJKE34	15	4	0	2	20000	1000	2025-09-26				
763	61	A7K23N	42	5	3	2	33000	1650	2026-01-01				
764	35	GICPJ0	12	5	3	4	37000	1850	2025-09-09				
765	80	9JMZQI	60	5	4	4	40000	2000	2025-07-05				
766	81	C05BWA	16	3	2	1	20000	1000	2025-08-08				
767	28	YMJR0B	35	5	1	4	31000	1550	2025-11-28				
768	92	NYNT45	3	5	4	1	34000	1700	2025-12-29				
769	34	G0P9A0	54	0	5	2	19000	950	2025-10-11				
770	96	TCKO5O	66	0	5	3	21000	1050	2025-06-13				
771	84	KJ3X5O	37	4	5	1	39600	1980	2025-06-24				
772	39	102LKR	23	0	2	4	16800	840	2025-08-14				
773	48	OFTAV9	70	4	0	3	26400	1320	2025-11-10				
774	87	7FPHF4	10	0	5	2	22800	1140	2025-12-18				
775	33	RX85CV	61	0	2	5	19200	960	2026-01-11				
776	59	X77KP5	46	0	2	2	12000	600	2026-02-02				
777	96	BVD57V	29	4	0	5	31200	1560	2025-12-25				
778	49	R7BBJE	18	4	2	2	31200	1560	2025-08-10				
779	27	W35WY9	12	2	4	5	36000	1800	2025-09-12				
780	25	6G6GV6	21	1	3	4	25200	1260	2025-06-05				
781	53	U9GCUS	25	0	4	0	14400	720	2025-07-17				
782	77	CJG7S1	24	0	3	3	15000	750	2026-01-17				
783	70	08VR1J	40	1	2	5	20000	1000	2026-02-08				
784	6	X1Z2DY	62	1	3	2	17000	850	2026-03-01				
785	17	9T7CNH	11	0	0	4	8000	0	2025-09-20				
786	87	2SG8E8	57	1	0	2	8000	0	2025-09-25				
787	33	8CAVMQ	40	4	1	4	27000	1350	2026-02-09				
788	66	FX2732	44	2	0	5	18000	900	2025-08-12				
789	40	I041OD	64	1	2	1	12000	600	2025-09-08				
790	29	Q4QXJP	27	2	3	1	19000	950	2025-12-13				
791	33	563E6K	40	4	1	0	19000	950	2026-02-17				
792	61	7LIU3Z	28	3	4	2	28000	1400	2025-12-18				
793	45	BFOLT5	17	4	4	0	28000	1400	2026-02-01				
794	32	YID5LZ	68	4	3	4	33000	1650	2025-07-17				
795	88	33FQSQ	18	4	0	3	22000	1100	2025-08-13				
796	88	MY7LN8	70	1	4	5	26000	1300	2025-11-26				
797	62	48MHQE	72	2	4	2	24000	1200	2026-01-06				
798	22	ATSF89	64	5	2	2	30000	1500	2025-08-06				
799	48	PA9X0M	12	0	0	1	2000	0	2025-09-17				
800	44	H7YK3B	17	0	3	4	17000	850	2026-01-31				
801	99	N55TE5	43	5	1	1	25000	1250	2025-08-01				
802	7	Z2R8XE	25	3	1	4	23000	1150	2025-07-26				
803	64	DW8PUS	19	1	0	2	8000	0	2025-07-14				
804	81	07VVNR	39	4	2	3	28000	1400	2025-06-21				
805	84	ITU9C4	69	4	2	3	33600	1680	2025-11-04				
806	93	3K1NNW	33	3	3	5	37200	1860	2025-09-21				
807	43	7MO94S	11	2	2	3	24000	1200	2025-09-22				
808	72	T79PTT	27	4	0	0	19200	960	2025-12-20				
809	92	5DO5VZ	46	3	1	2	22800	1140	2026-01-30				
810	1	HCWB91	30	3	4	2	33600	1680	2025-06-08				
811	95	I6T53M	29	5	2	3	38400	1920	2025-12-26				
812	19	2XKS7W	58	5	3	5	46800	2340	2025-09-17				
813	33	19MDHJ	12	1	1	3	15600	780	2025-10-03				
814	77	316HS6	66	2	4	2	28800	1440	2025-06-06				
815	83	5YWRSH	11	0	1	2	8400	0	2025-09-22				
816	58	EWDE0X	66	4	0	1	21600	1080	2025-06-07				
817	6	EZC7AB	45	5	1	2	32400	1620	2026-01-23				
818	18	15DSDR	38	0	2	2	12000	600	2025-11-14				
819	95	W3XTX3	15	1	4	5	26000	1300	2025-09-30				
820	100	WHFVT5	23	5	2	0	26000	1300	2025-08-08				
821	2	5182L5	38	3	5	4	35000	1750	2025-11-19				
822	88	HFXT65	37	0	5	0	15000	750	2025-06-19				
823	58	OPXD4S	24	1	2	3	16000	800	2026-01-12				
824	41	28DJXZ	66	0	1	3	9000	0	2025-06-05				
825	68	RP8TD2	21	4	3	2	29000	1450	2025-06-10				
826	84	3YUW5F	11	1	5	0	19000	950	2025-09-24				
827	35	EWYW4U	49	1	3	1	15000	750	2026-05-29				
828	39	J4Z663	31	4	0	4	24000	1200	2025-11-13				
829	33	PR9PTL	52	3	2	5	28000	1400	2025-12-22				
830	94	C3KU6F	70	1	0	4	12000	600	2025-11-18				
831	96	1NPPVC	4	2	3	1	19000	950	2025-10-27				
832	14	6HQMKE	68	1	2	5	20000	1000	2025-07-26				
833	36	H4Z2MA	9	3	3	3	27000	1350	2025-11-13				
834	87	5H08PA	22	3	3	1	23000	1150	2026-02-15				
835	9	KA8Y3O	15	3	1	2	19000	950	2025-09-30				
836	17	509VD1	36	5	5	5	45000	2250	2025-08-01				
837	82	7QKPLU	5	3	1	2	19000	950	2025-09-18				
838	1	XY6ZE7	62	3	5	4	35000	1750	2025-03-06				
839	25	I3316U	45	3	0	0	12000	600	2026-01-21				
840	32	96MX88	5	2	2	4	22000	1100	2025-09-14				
841	65	4DNU34	19	3	0	5	22000	1100	2025-07-10				
842	86	J3GI6C	50	4	2	2	26000	1300	2025-11-26				
843	39	D7B31A	6	0	1	5	13000	650	2026-01-14				
844	9	R9HJYS	57	1	0	3	12000	600	2025-09-29				
845	68	A2LG27	32	2	3	4	30000	1500	2025-06-30				
846	11	HAVXY6	17	0	4	5	26400	1320	2026-01-30				
847	46	NXN3GX	34	4	3	5	42000	2100	2025-06-19				
848	39	SHHOL6	20	4	1	4	32400	1620	2025-10-15				
849	35	QO1YJH	13	4	1	3	30000	1500	2024-12-23				
850	43	YK0D5B	50	0	5	3	25200	1260	2025-09-18				
851	2	P65YY2	50	2	0	1	12000	600	2025-08-02				
852	88	U9NU8D	28	3	5	5	44400	2220	2025-12-06				
853	60	NZ3TWC	65	2	0	0	9600	0	2025-09-20				
854	67	EZ9OPB	6	1	2	2	16800	840	2026-01-05				
855	45	HWM4RA	64	4	0	0	19200	960	2025-10-16				
856	75	PLMC34	63	5	0	3	31200	1560	2025-05-17				
857	37	SIE6AD	17	0	4	5	26400	1320	2026-01-28				
858	15	MY9JA7	17	4	2	0	22000	1100	2026-02-01				
859	76	IY3X2F	30	5	0	0	20000	1000	2025-06-11				
860	19	J04Y83	65	1	4	0	16000	800	2025-09-02				
861	3	U9G6PF	34	1	3	2	17000	850	2025-06-22				
862	34	02L4L8	34	4	1	0	19000	950	2025-06-21				
863	58	8K9PFF	22	1	3	2	17000	850	2026-02-21				
864	39	T9699Q	25	4	1	3	25000	1250	2025-07-22				
865	84	X5HEWI	70	4	2	5	32000	1600	2025-12-02				
866	95	S147LO	7	5	5	5	45000	2250	2026-02-18				
867	6	DQ8MBP	9	2	1	0	11000	550	2025-11-14				
868	6	GJ7QGO	62	1	5	3	25000	1250	2026-04-29				
869	22	FJ7KVS	15	2	2	0	14000	700	2025-09-21				
870	82	6E4G2C	65	3	1	3	21000	1050	2025-09-07				
871	44	DVOD8J	15	2	2	2	18000	900	2025-09-27				
872	64	OKSFN8	58	0	2	2	10000	500	2025-12-18				
873	56	JQ2XH4	63	3	3	3	27000	1350	2025-12-19				
874	78	DTXF7Z	56	5	3	5	39000	1950	2026-02-19				
875	85	Y94X9V	66	3	5	1	29000	1450	2025-06-08				
876	26	FRM6E7	35	1	4	4	24000	1200	2025-12-02				
877	54	H6HKRN	4	2	4	2	24000	1200	2025-11-10				
878	71	PJF3UQ	24	5	1	4	31000	1550	2026-01-18				
879	85	ZNFQP9	31	0	4	1	14000	700	2025-11-20				
880	48	W3QUZW	68	5	2	2	36000	1800	2025-07-21				
881	60	EXHA37	11	5	2	2	36000	1800	2025-09-22				
882	49	Y90EA9	62	3	0	0	14400	720	2025-09-26				
883	85	4DJVB3	20	5	4	1	40800	2040	2025-10-05				
884	28	85684T	48	2	0	2	14400	720	2025-07-02				
885	70	EJZR8Y	31	0	1	0	3600	0	2025-11-22				
886	15	OUY4VU	22	1	4	4	28800	1440	2026-02-14				
887	89	5YLKSN	17	5	1	1	25000	1250	2026-01-28				
888	87	RBMD7A	63	5	3	2	33000	1650	2025-10-02				
889	2	FSVS5D	51	0	2	1	8000	0	2026-05-10				
890	44	GNIZ8I	59	1	5	2	23000	1150	2026-01-31				
891	53	1BESTP	33	4	5	1	33000	1650	2025-07-23				
892	86	687EFK	48	5	0	5	30000	1500	2025-06-30				
893	92	JFGTV9	2	2	4	5	30000	1500	2026-02-07				
894	39	SO9VBF	65	4	0	0	16000	800	2025-09-20				
895	57	QV4ERY	36	0	4	0	12000	600	2025-08-05				
896	36	4XF6G0	24	0	0	2	4000	0	2026-01-16				
897	93	335HEW	9	0	0	3	6000	0	2025-11-17				
898	24	A7KXXI	66	5	2	1	28000	1400	2025-06-06				
899	9	92YTNU	67	0	1	1	5000	0	2025-08-01				
900	91	I4IXZ8	43	0	0	2	4000	0	2025-08-14				
901	82	F4YLD2	49	3	1	5	25000	1250	2026-04-24				
902	88	R8ROJV	6	5	1	0	23000	1150	2026-01-06				
903	48	7IXHVF	14	4	1	5	29000	1450	2025-12-07				
904	9	BRFWK2	13	0	0	5	10000	500	2024-12-21				
905	40	T8MDB4	35	1	2	0	10000	500	2025-12-04				
906	72	RGWUN5	68	2	3	2	21000	1050	2025-07-21				
907	44	EBUPK3	16	1	1	3	13000	650	2025-08-08				
908	48	2KLQW2	66	4	1	2	23000	1150	2025-06-15				
909	27	2V6NJG	33	0	2	0	6000	0	2025-08-02				
910	1	3JBGRM	13	5	1	0	23000	1150	2024-12-25				
911	29	6OMFEB	55	3	5	5	37000	1850	2025-11-12				
912	16	JJBY1N	66	4	0	1	18000	900	2025-06-07				
913	13	RK8JXA	2	4	0	3	22000	1100	2026-01-26				
914	72	2V6854	19	3	5	2	31000	1550	2025-07-18				
915	17	8NZDYA	72	3	5	0	27000	1350	2026-01-20				
916	16	QH00MP	20	4	4	0	28000	1400	2025-10-15				
917	69	GMMR9D	64	2	3	5	27000	1350	2025-08-28				
918	93	J2NJEL	35	3	1	3	21000	1050	2025-12-08				
919	50	3FPQY7	53	0	2	3	12000	600	2025-10-21				
920	49	CPF17E	3	4	3	0	30000	1500	2026-01-16				
921	38	N6XWE0	47	2	1	4	22800	1140	2026-01-03				
922	10	P4C64I	25	5	4	1	40800	2040	2025-07-17				
923	15	K5YZCF	52	5	1	5	39600	1980	2025-12-21				
924	54	BKL8IH	36	3	2	3	28800	1440	2025-08-10				
925	39	Y5L4MC	19	4	3	4	39600	1980	2025-07-16				
926	86	9XNV43	68	1	1	5	20400	1020	2025-07-20				
927	56	F45CMV	62	3	5	3	39600	1980	2025-07-01				
928	25	RPEA0Y	69	0	1	2	8400	0	2025-11-05				
929	84	83PEKZ	32	4	4	3	40800	2040	2025-06-18				
930	35	8L2Q51	48	0	5	3	21000	1050	2025-06-27				
931	10	STXD1J	10	1	2	4	18000	900	2025-12-24				
932	26	EM2M5J	16	4	2	1	24000	1200	2025-08-12				
933	34	T7MYXM	45	0	0	1	2000	0	2026-01-17				
934	58	VI4B5V	11	3	0	3	18000	900	2025-09-21				
935	5	B7Y4VE	17	5	2	1	28000	1400	2026-02-03				
936	53	H2PT4Y	45	2	4	2	24000	1200	2026-01-22				
937	5	WJ98L0	58	3	0	3	18000	900	2025-11-21				
938	39	8ZUPJ4	61	1	0	4	12000	600	2026-02-20				
939	38	15R8LJ	49	4	4	4	36000	1800	2025-11-11				
940	79	EAK8AQ	30	2	5	5	33000	1650	2025-06-10				
941	14	MA6V42	71	2	2	4	22000	1100	2026-06-20				
942	93	KR8JBM	49	2	4	4	28000	1400	2025-12-01				
943	15	36VUMQ	66	3	2	5	28000	1400	2025-06-07				
944	88	IO66XS	60	2	2	4	22000	1100	2025-07-06				
945	56	EA80CB	39	3	2	4	26000	1300	2025-06-16				
946	52	1OUUOD	21	0	1	1	5000	0	2025-06-04				
947	86	OBCHS2	10	2	3	3	23000	1150	2025-12-21				
948	26	CA8ASB	21	5	2	4	34000	1700	2025-06-04				
949	52	NPDY9M	34	2	0	2	12000	600	2025-06-16				
950	4	15469M	4	2	2	0	14000	700	2025-10-02				
951	78	NQ01AA	31	5	2	1	33600	1680	2025-11-18				
952	48	BOR86U	40	4	1	0	22800	1140	2026-02-16				
953	70	NNCA21	59	2	3	4	30000	1500	2026-02-14				
954	43	1Z5TP3	55	3	0	0	14400	720	2025-12-26				
955	79	5CLYXY	3	4	1	2	27600	1380	2026-01-31				
956	86	25BTZT	34	3	3	3	32400	1620	2025-06-22				
957	55	Z34VM8	46	0	3	0	10800	540	2026-02-06				
958	83	O64BDK	21	4	5	2	42000	2100	2025-06-07				
959	42	KDTKL2	53	5	3	5	39000	1950	2026-01-10				
960	21	0K10WB	26	2	1	5	21000	1050	2026-02-24				
961	58	1VFEVM	65	5	2	5	36000	1800	2025-09-08				
962	47	Q8WXUW	25	1	5	0	19000	950	2025-07-26				
963	79	6OR183	11	4	2	4	30000	1500	2025-09-25				
964	65	2PE4WG	10	0	1	0	3000	0	2025-12-22				
965	68	IR0XDA	60	1	1	1	9000	0	2025-06-07				
966	25	SVHG9R	44	5	1	2	27000	1350	2025-08-16				
967	62	B1SVV8	31	5	4	3	38000	1900	2025-11-19				
968	83	RKJQ64	60	3	0	0	12000	600	2025-07-11				
969	10	5BBI7M	23	4	3	0	25000	1250	2025-08-12				
970	65	NZ878B	15	5	2	3	32000	1600	2025-09-26				
971	83	9OVH7B	14	5	2	2	30000	1500	2025-12-06				
972	48	X6UGT3	21	4	0	0	16000	800	2025-06-06				
973	45	MWVH6U	20	1	5	4	27000	1350	2025-10-17				
974	78	Y03U17	46	2	1	4	19000	950	2026-02-04				
975	4	WZXY2N	44	1	1	5	17000	850	2025-08-15				
976	100	D2UG2G	31	5	3	1	31000	1550	2025-11-12				
977	53	OAQ6OK	36	2	2	2	18000	900	2025-08-18				
978	65	16Z9B6	61	2	1	0	11000	550	2025-07-26				
979	16	377EAC	48	2	2	5	24000	1200	2025-06-27				
980	60	A16L4E	30	4	4	1	30000	1500	2025-06-06				
981	45	8SBUSQ	23	0	5	1	17000	850	2025-08-13				
982	24	PF2QXU	48	5	1	1	25000	1250	2025-06-25				
983	6	OVL2XP	30	5	0	0	20000	1000	2025-06-11				
984	98	0HZWXQ	42	0	2	3	12000	600	2025-12-26				
985	91	DH3R3Q	62	3	2	4	26000	1300	2026-01-03				
986	99	SDUTA9	57	5	5	3	41000	2050	2025-10-03				
987	76	5SU1KN	4	4	0	2	20000	1000	2025-10-19				
988	41	RNQ6N2	24	0	1	2	7000	0	2026-01-15				
989	56	HAIN9J	72	2	0	0	8000	0	2026-01-27				
990	57	3L2TD7	54	1	3	4	21000	1050	2025-10-07				
991	41	BTUP9O	42	1	1	0	7000	0	2026-01-02				
992	16	SR7O2D	24	2	1	1	13000	650	2026-01-15				
993	20	A6V8TD	72	2	0	3	14000	700	2026-01-09				
994	13	NQPIJ5	59	5	0	2	28800	1440	2026-02-18				
995	1	0UZ5UY	32	1	5	0	22800	1140	2025-07-16				
996	79	5UDN6W	43	5	5	1	44400	2220	2025-07-27				
997	89	28QKCB	43	5	5	2	46800	2340	2025-08-09				
998	31	YM7SEA	46	4	4	5	45600	2280	2026-02-01				
999	57	FJ12SS	26	1	3	5	27600	1380	2026-03-02				
1000	99	MOJ7B8	70	3	1	3	25200	1260	2025-11-12				
1001	43	QYDZI8	37	5	0	1	22000	1100	2025-06-23				
1002	8	TE3BDG	64	5	5	2	39000	1950	2025-09-20				
1003	54	GLLXQ6	8	5	5	4	43000	2150	2025-08-04				
1004	5	5D540X	10	2	2	3	20000	1000	2025-12-19				
1005	88	2ANI18	5	4	4	4	36000	1800	2025-09-13				
1006	93	CVFHR8	42	5	1	4	31000	1550	2026-01-02				
1007	50	P1KELW	49	1	0	3	10000	500	2026-04-18				
1008	79	T6HHHS	38	5	0	3	26000	1300	2025-11-23				
1009	5	3OGBD0	46	2	0	3	14000	700	2026-02-09				
1010	5	KXZ4A7	14	2	1	4	19000	950	2025-12-03				
1011	59	P9SD3W	50	3	4	1	26000	1300	2025-06-12				
1012	72	QTEZ3A	51	1	1	2	11000	550	2026-05-19				
1013	1	B9NB87	9	5	0	5	30000	1500	2025-11-12				
1014	36	A89CTH	28	1	4	5	26000	1300	2025-12-08				
1015	25	L8JJF8	9	2	0	5	18000	900	2025-11-10				
1016	28	8VE57P	61	2	3	4	25000	1250	2026-05-22				
1017	57	T8LOZV	13	5	3	2	33000	1650	2024-12-23				
1018	65	81F49H	36	5	0	0	20000	1000	2025-08-24				
1019	12	81NAE0	3	1	3	2	17000	850	2026-01-10				
1020	14	B0NCKW	63	2	1	3	17000	850	2026-04-10				
1021	87	458NEN	7	5	5	0	35000	1750	2026-02-27				
1022	97	1B3AGV	34	4	1	0	19000	950	2025-06-24				
1023	94	8K9OHN	48	4	2	2	26000	1300	2025-07-03				
1024	74	FP0LED	2	1	0	2	8000	0	2026-02-10				
1025	73	QGZ2II	10	3	0	1	14000	700	2025-12-19				
1026	41	6ENRKM	17	5	2	1	28000	1400	2026-01-29				
1027	83	WLGJ57	37	0	0	3	7200	0	2025-06-21				
1028	59	EHOV4I	40	3	0	1	16800	840	2026-02-16				
1029	60	8E0CUP	42	3	5	5	44400	2220	2025-12-24				
1030	83	9P50RQ	65	0	4	5	26400	1320	2025-09-12				
1031	56	VXZ455	53	0	0	5	12000	600	2025-11-08				
1032	3	UEW6DQ	11	2	1	3	17000	850	2025-09-20				
1033	5	5MF9SV	37	5	5	2	39000	1950	2025-06-16				
1034	25	5REVAD	56	3	3	3	27000	1350	2025-12-03				
1035	31	05Q1HS	55	3	5	5	37000	1850	2025-11-15				
1036	45	3XKDY0	67	0	4	5	22000	1100	2025-07-30				
1037	54	RNBD6Y	35	0	1	1	5000	0	2025-11-28				
1038	22	BGADK6	31	2	0	5	18000	900	2025-11-11				
1039	91	8EDD3V	56	2	3	1	19000	950	2026-05-05				
1040	61	YKPF4B	43	3	4	3	30000	1500	2025-08-01				
1041	27	G099WG	35	3	4	0	24000	1200	2025-12-04				
1042	15	V00DSF	34	2	1	1	13000	650	2025-06-25				
1043	8	TYPG7T	65	0	4	4	20000	1000	2025-08-31				
1044	33	UEIVR4	47	1	1	2	11000	550	2026-01-09				
1045	82	VOQK83	66	1	3	1	15000	750	2025-06-07				
1046	29	P3JYVQ	71	4	3	1	27000	1350	2025-12-27				
1047	69	TRXVC1	24	5	0	3	26000	1300	2026-01-18				
1048	95	RAF0E9	4	5	3	5	39000	1950	2025-10-03				
1049	3	J5LQOE	15	0	2	2	10000	500	2025-09-27				
1050	71	K5P1CD	32	4	5	3	37000	1850	2025-07-05				
1051	36	8S1F60	12	4	0	3	22000	1100	2025-09-21				
1052	90	5WMHAE	65	4	0	2	20000	1000	2025-09-17				
1053	71	7BWU9B	27	0	3	3	15000	750	2025-12-22				
1054	23	56S3ER	64	4	1	0	19000	950	2025-09-14				
1055	67	FUC5PL	55	5	5	5	54000	2700	2025-10-18				
1056	13	9RXSAS	70	2	2	1	19200	960	2025-11-27				
1057	95	FSK579	28	0	3	0	10800	540	2025-12-19				
1058	61	HUHU0T	50	0	1	3	10800	540	2025-08-07				
1059	69	57RU5R	12	5	4	0	38400	1920	2025-10-08				
1060	44	DCA9LO	14	0	2	2	12000	600	2025-11-29				
1061	28	N7QIKL	26	2	1	5	25200	1260	2026-03-01				
1062	71	9AXOPQ	19	3	4	2	33600	1680	2025-07-11				
1063	9	W3O09Y	58	0	4	5	26400	1320	2025-12-31				
1064	69	PGWTQ5	72	5	4	0	38400	1920	2026-01-22				
1065	1	YHOM1H	47	5	2	5	43200	2160	2026-01-07				
1066	61	UQYE4F	40	2	0	3	16800	840	2026-02-17				
1067	56	76NNZV	46	1	5	5	34800	1740	2026-02-09				
1068	34	E1JJDY	55	2	5	5	33000	1650	2025-11-18				
1069	5	L08O14	52	5	3	3	35000	1750	2026-03-05				
1070	98	P4IKO4	25	5	4	2	36000	1800	2025-07-25				
1071	79	87U27A	53	4	5	5	41000	2050	2025-08-06				
1072	90	6MWQKM	53	2	4	3	26000	1300	2025-12-21				
1073	80	ZOY590	29	2	1	1	13000	650	2025-12-23				
1074	98	1V20HC	9	4	4	5	38000	1900	2025-11-11				
1075	61	M5C3OO	22	0	1	4	11000	550	2026-02-15				
1076	86	66614H	42	3	1	5	25000	1250	2025-12-31				
1077	34	13GR2B	66	2	1	0	11000	550	2025-06-16				
1078	49	FKDL86	64	3	5	5	37000	1850	2025-08-14				
1079	6	Q8H7X7	52	2	2	4	22000	1100	2026-03-24				
1080	38	28QEJN	28	2	1	5	21000	1050	2025-12-08				
1081	24	L0P8EJ	60	2	5	5	33000	1650	2025-06-24				
1082	67	69L5LM	66	2	3	0	17000	850	2025-06-14				
1083	13	0F48P1	1	3	1	5	25000	1250	2025-09-04				
1084	87	DWZ4D9	20	0	0	2	4000	0	2025-10-24				
1085	26	WMAU5M	18	4	3	3	31000	1550	2025-08-10				
1086	41	G07MWM	8	4	0	1	18000	900	2025-08-05				
1087	3	9WF603	19	5	1	3	29000	1450	2025-07-16				
1088	83	SET9ML	30	2	5	5	33000	1650	2025-06-09				
1089	86	9K6U9G	41	0	1	2	7000	0	2025-09-17				
1090	59	4DOOU2	24	1	3	1	15000	750	2026-01-17				
1091	49	T6VX1M	26	4	1	0	19000	950	2026-03-03				
1092	49	HXAVM7	55	4	3	0	25000	1250	2025-12-14				
1093	79	ZFUGS0	41	0	4	5	22000	1100	2025-09-16				
1094	93	6USMHX	22	4	1	5	29000	1450	2026-02-17				
1095	76	69WTMN	42	4	4	1	30000	1500	2025-12-27				
1096	61	PHKS3B	44	3	1	4	23000	1150	2025-08-10				
1097	74	KUMB83	36	4	3	2	29000	1450	2025-08-23				
1098	31	12X7S6	53	3	2	5	33600	1680	2026-01-28				
1099	94	GYN9G7	35	0	4	0	14400	720	2025-11-29				
1100	52	BIZC19	19	5	5	0	42000	2100	2025-07-15				
1101	87	1NNOLZ	57	3	0	0	14400	720	2025-10-01				
1102	7	YSD3I1	36	3	1	2	22800	1140	2025-07-31				
1103	74	7S4AC8	66	2	3	2	25200	1260	2025-06-16				
1104	3	2HXO4S	36	3	5	1	34800	1740	2025-08-05				
1105	67	DEOT4G	40	4	5	3	44400	2220	2026-02-13				
1106	69	TVLKH5	46	0	3	0	10800	540	2026-02-08				
1107	90	LWZ7O1	39	5	2	2	36000	1800	2025-06-21				
1108	28	2799TT	57	0	3	2	15600	780	2025-09-26				
1109	98	147IDF	3	2	4	1	26400	1320	2026-01-08				
1110	76	M12E2L	58	3	0	5	26400	1320	2025-10-10				
1111	84	BYO0R3	33	0	4	5	26400	1320	2025-09-01				
1112	16	KCOA5J	1	4	0	1	18000	900	2025-09-03				
1113	95	KGA2MI	43	2	1	5	21000	1050	2025-07-31				
1114	80	26TWUK	25	4	4	5	38000	1900	2025-07-24				
1115	26	4Q0IR3	7	5	5	4	43000	2150	2026-02-25				
1116	70	4TL7Q6	51	3	0	0	12000	600	2026-02-04				
1117	54	CI2A8Y	59	5	2	3	32000	1600	2025-11-10				
1118	81	3QPD9A	11	4	5	0	31000	1550	2025-09-25				
1119	31	2HMEWN	27	3	4	2	28000	1400	2025-12-20				
1120	25	1L0FGC	68	1	4	3	22000	1100	2025-07-24				
1121	8	IIS594	44	1	5	0	19000	950	2025-08-13				
1122	100	S4A8X3	50	3	2	2	22000	1100	2025-06-28				
1123	45	C6VL2I	40	4	5	1	33000	1650	2026-02-15				
1124	35	KD6ZER	15	1	5	2	23000	1150	2025-09-22				
1125	63	E692ML	18	4	1	2	23000	1150	2025-08-16				
1126	78	AI6V1C	45	0	4	0	12000	600	2026-01-16				
1127	64	WE2RZ9	67	1	0	2	8000	0	2025-07-23				
1128	67	Q18N38	35	3	4	1	26000	1300	2025-11-28				
1129	2	1B02HE	16	3	3	4	29000	1450	2025-08-14				
1130	43	VYV65Q	72	0	0	5	10000	500	2026-01-19				
1131	73	OBW6QE	1	4	5	3	37000	1850	2025-09-04				
1132	19	HL9K82	46	1	1	0	7000	0	2026-01-31				
1133	38	AF901Q	69	4	0	3	22000	1100	2025-11-11				
1134	87	YM3K2H	64	2	2	4	26400	1320	2025-09-16				
1135	94	AFS0GD	72	2	1	1	15600	780	2026-01-10				
1136	14	OD0BON	29	3	0	3	21600	1080	2025-12-22				
1137	95	ZLYI6J	4	5	3	4	44400	2220	2025-10-21				
1138	30	ZEVG40	39	2	5	2	32400	1620	2025-06-21				
1139	1	XD4TS5	33	3	1	4	27600	1380	2025-08-03				
1140	59	GWVWK2	18	1	3	4	25200	1260	2025-08-09				
1141	23	ZHYVE1	43	5	3	3	42000	2100	2025-07-16				
1142	11	01D31G	39	5	5	0	42000	2100	2025-06-21				
1143	90	R0XYU4	10	3	1	4	27600	1380	2025-12-18				
1144	40	6I6RIG	70	0	2	0	7200	0	2025-11-14				
1145	50	0GOPLQ	30	1	3	0	15600	780	2025-06-01				
1146	33	HJ0H4E	57	4	0	5	31200	1560	2025-10-04				
1147	93	62GS2B	28	2	1	2	18000	900	2025-12-20				
1148	41	C9C6S7	4	0	0	2	4800	0	2025-10-04				
1149	81	9DJBFJ	67	4	5	5	49200	2460	2025-07-19				
1150	96	NR51UP	24	2	0	5	18000	900	2026-01-17				
1151	28	7NI2HV	22	3	3	3	27000	1350	2026-02-18				
1152	81	6L9M7K	61	0	3	0	9000	0	2026-04-05				
1153	28	4M1IRN	65	3	1	0	15000	750	2025-09-06				
1154	25	EF7A01	37	3	0	4	20000	1000	2025-06-23				
1155	31	K82QCX	23	3	1	2	19000	950	2025-08-10				
1156	7	GI1BZT	40	2	4	5	30000	1500	2026-02-14				
1157	60	EGMR29	43	1	3	2	17000	850	2025-07-22				
1158	41	6435JH	35	5	1	3	29000	1450	2025-12-01				
1159	5	NHEZ13	32	3	0	5	22000	1100	2025-06-23				
1160	63	QE5JHR	15	1	0	1	6000	0	2025-09-20				
1161	66	7B8MXC	6	0	4	3	18000	900	2026-01-08				
1162	15	4VLCD0	24	1	4	0	16000	800	2026-01-13				
1163	52	5S55L3	24	5	5	3	41000	2050	2026-01-12				
1164	82	W26VP2	22	0	1	3	9000	0	2026-02-20				
1165	9	U3TSU2	44	2	2	3	20000	1000	2025-08-17				
1166	87	C9KJYZ	44	1	3	3	19000	950	2025-08-11				
1167	73	68FMWI	35	0	4	0	12000	600	2025-12-03				
1168	73	5H92W7	51	1	4	1	18000	900	2025-12-07				
1169	51	98A62E	6	4	3	1	27000	1350	2026-01-12				
1170	88	H9O28V	71	2	2	0	14000	700	2026-05-08				
1171	62	08V1KS	21	5	3	5	39000	1950	2025-06-07				
1172	68	2TX55S	39	4	4	4	36000	1800	2025-06-18				
1173	91	6B9ZUX	32	0	0	3	6000	0	2025-06-19				
1174	45	I7CBNE	50	3	3	3	27000	1350	2025-08-30				
1175	24	TL9XST	65	0	3	1	11000	550	2025-09-13				
1176	57	EBNGY7	24	4	5	1	33000	1650	2026-01-15				
1177	59	Z1AT68	52	1	2	1	12000	600	2025-12-29				
1178	30	69OOS3	28	5	5	0	35000	1750	2025-12-10				
1179	17	KU7DIM	17	4	3	1	27000	1350	2026-01-28				
1180	100	XYLC3O	2	4	5	5	41000	2050	2026-02-17				
1181	39	52CDU6	17	2	0	1	10000	500	2026-02-01				
1182	77	ZZJ7KF	9	1	3	5	23000	1150	2025-11-12				
1183	8	X841XU	64	1	3	0	13000	650	2025-09-17				
1184	42	JQXM7Q	28	4	4	2	32000	1600	2025-12-07				
1185	92	V1E9O9	47	0	4	3	18000	900	2026-01-04				
1186	5	4IKP97	63	3	4	4	38400	1920	2026-03-08				
1187	44	S39M1D	57	3	1	0	18000	900	2025-09-25				
1188	100	9X8CWW	4	0	2	0	7200	0	2025-11-09				
1189	5	06X82N	56	2	2	4	26400	1320	2025-12-20				
1190	76	YP6OOD	31	1	3	5	27600	1380	2025-11-15				
1191	86	N2TU3K	19	1	3	2	20400	1020	2025-07-16				
1192	32	V9ODT6	12	0	4	5	26400	1320	2025-09-29				
1193	50	2ZYBXC	53	4	0	1	18000	900	2025-06-17				
1194	29	ME0S90	63	5	2	5	36000	1800	2026-01-22				
1195	17	MPH032	65	3	4	4	32000	1600	2025-09-02				
1196	77	L7C470	72	4	2	4	30000	1500	2026-01-09				
1197	21	PDOV1W	59	2	3	0	17000	850	2026-01-01				
1198	51	VHQ1ST	12	2	4	1	22000	1100	2025-09-20				
1199	11	FON2PP	51	4	5	0	31000	1550	2026-06-04				
1200	89	1S64BP	32	0	1	4	11000	550	2025-06-29				
1201	59	2RF8NN	53	4	1	4	27000	1350	2026-02-10				
1202	90	4UGN5C	3	0	3	3	15000	750	2026-02-03				
1203	57	DTXC36	41	1	2	5	20000	1000	2025-09-08				
1204	35	SMW5DZ	7	0	3	2	13000	650	2026-02-21				
1205	90	0K5SCN	70	1	5	4	27000	1350	2025-11-23				
1206	38	8Y1QU1	66	5	4	2	36000	1800	2025-06-07				
1207	53	T4GIGT	12	1	2	3	16000	800	2025-09-09				
1208	82	CGV0UT	8	1	0	3	10000	500	2025-08-05				
1209	31	DSF15X	64	5	1	4	31000	1550	2025-08-28				
1210	6	DAVZJ4	63	1	4	2	20000	1000	2026-05-05				
1211	79	4R3QPU	6	5	0	5	30000	1500	2026-01-13				
1212	34	NCABL3	42	5	3	0	29000	1450	2025-12-29				
1213	36	QTUR7H	40	0	4	0	12000	600	2026-02-09				
1214	20	9BPQIW	13	1	0	0	4000	0	2024-12-24				
1215	4	P53CFI	31	1	0	4	12000	600	2025-11-21				
1216	74	0S4UDB	12	0	1	0	3000	0	2025-09-23				
1217	83	2S3IJI	64	4	5	4	39000	1950	2025-09-16				
1218	4	OZ9BUO	39	4	1	4	27000	1350	2025-06-21				
1219	71	8868KW	18	5	3	0	29000	1450	2025-08-12				
1220	54	ZC6JEU	51	0	5	4	23000	1150	2026-01-23				
1221	25	91HTT4	42	1	2	3	16000	800	2025-12-31				
1222	84	8F2YWK	16	3	5	0	32400	1620	2025-08-12				
1223	55	0HQCNR	12	1	3	4	25200	1260	2025-09-22				
1224	2	4J8YEN	63	3	0	2	19200	960	2026-01-25				
1225	18	893R3W	46	0	5	5	30000	1500	2026-02-06				
1226	36	2TJHHT	36	4	0	0	16000	800	2025-08-10				
1227	96	J6QBAQ	11	1	2	2	14000	700	2025-09-25				
1228	96	XC5NQ1	16	3	5	0	27000	1350	2025-08-09				
1229	92	FIQWO6	41	5	2	2	30000	1500	2025-09-13				
1230	8	YIXVJ8	44	2	0	4	16000	800	2025-08-11				
1231	91	MHDJ5E	2	3	2	2	22000	1100	2026-01-21				
1232	49	YMSDH6	53	5	0	2	24000	1200	2025-10-03				
1233	79	OVWKL8	68	1	2	3	16000	800	2025-07-18				
1234	32	3ILQIB	66	3	5	0	27000	1350	2025-06-08				
1235	22	X649RL	26	3	0	5	22000	1100	2026-02-26				
1236	5	M1CZ8L	3	0	3	5	19000	950	2026-01-31				
1237	71	EANH1H	63	0	3	5	19000	950	2025-09-25				
1238	18	W77Z3P	8	0	4	4	20000	1000	2025-08-02				
1239	76	A0WDWO	3	4	1	1	21000	1050	2026-01-21				
1240	55	IKCBY9	14	3	2	2	22000	1100	2025-12-07				
1241	75	J2406T	62	2	1	3	17000	850	2026-04-27				
1242	13	6UJCE6	4	4	3	1	27000	1350	2025-09-29				
1243	8	GX46A6	52	0	5	3	21000	1050	2026-01-10				
1244	69	JDMY9X	59	4	2	2	26000	1300	2026-01-25				
1245	54	LJ9YVU	68	5	2	3	32000	1600	2025-07-24				
1246	45	ZAHJH8	6	1	4	2	20000	1000	2026-01-06				
1247	6	LODX5S	43	2	3	1	19000	950	2025-08-07				
1248	82	D3EQSH	11	2	1	1	13000	650	2025-09-23				
1249	12	Y3U052	54	4	0	2	20000	1000	2025-10-11				
1250	39	UNWDM6	66	0	2	5	16000	800	2025-06-15				
1251	8	6YQ7RG	14	1	2	3	16000	800	2025-12-05				
1252	94	SPSB51	20	0	1	3	9000	0	2025-10-09				
1253	61	QLEMR8	44	0	0	3	6000	0	2025-08-16				
1254	91	6AEGUT	49	1	4	3	22000	1100	2026-04-23				
1255	38	T2THP4	66	0	3	2	13000	650	2025-06-09				
1256	96	XXW7J3	58	1	0	1	7200	0	2025-09-24				
1257	49	RMO0A4	72	0	2	2	12000	600	2026-01-13				
1258	69	DP34W8	37	1	3	4	25200	1260	2025-06-16				
1259	16	I5OYEJ	33	0	3	0	10800	540	2025-07-09				
1260	25	04PDGL	7	5	4	3	45600	2280	2026-03-03				
1261	67	ZVH14B	27	5	4	5	50400	2520	2025-12-19				
1262	41	AA48YQ	66	4	2	3	33600	1680	2025-06-13				
1263	76	2K4S56	37	5	2	3	38400	1920	2025-06-16				
1264	14	8JNA6L	39	4	5	5	49200	2460	2025-06-22				
1265	70	3ELF66	42	2	4	3	31200	1560	2026-01-03				
1266	45	9JPU71	53	0	5	3	21000	1050	2025-05-31				
1267	67	MN6T9K	6	4	2	0	22000	1100	2026-01-11				
1268	52	UNAZD1	48	2	1	4	19000	950	2025-06-26				
1269	50	Q5DM93	21	0	3	3	15000	750	2025-06-11				
1270	23	G8DYB2	58	0	3	0	9000	0	2025-10-27				
1271	80	9KILYK	37	5	5	1	37000	1850	2025-06-21				
1272	32	WBJ9W3	61	3	3	4	29000	1450	2025-11-24				
1273	66	OT4C9Z	30	4	0	3	22000	1100	2025-06-10				
1274	22	Z4XC19	20	0	5	1	17000	850	2025-10-06				
1275	84	FAW7P8	58	0	2	4	14000	700	2025-11-26				
1276	14	4I8ITO	26	3	1	1	17000	850	2026-02-26				
1277	40	07WDPR	1	0	3	4	17000	850	2025-09-10				
1278	73	RN68CU	40	2	1	3	17000	850	2026-02-08				
1279	44	6WDE42	10	3	3	2	25000	1250	2025-12-19				
1280	82	4SW457	43	4	4	5	38000	1900	2025-08-12				
1281	92	24TLLG	10	5	1	5	33000	1650	2025-12-19				
1282	54	1HC96R	22	5	0	0	20000	1000	2026-02-15				
1283	6	04F4U0	32	3	2	4	26000	1300	2025-06-06				
1284	92	841I03	4	1	3	4	21000	1050	2025-10-31				
1285	64	NVQQG6	53	0	2	0	6000	0	2025-05-10				
1286	73	FWL9FR	14	1	4	4	24000	1200	2025-11-30				
1287	45	5N6GAA	10	5	1	0	23000	1150	2025-12-18				
1288	12	CQX4EI	30	4	4	2	38400	1920	2025-06-03				
1289	47	OW3UIZ	28	0	0	2	4800	0	2025-12-10				
1290	14	B9QKTD	34	0	1	2	8400	0	2025-06-23				
1291	83	S1HKA7	1	2	1	1	15600	780	2025-09-03				
1292	75	7URERW	14	5	4	0	38400	1920	2025-12-06				
1293	4	I9CXEC	34	5	4	0	38400	1920	2025-06-22				
1294	10	91XNM1	39	0	2	1	9600	0	2025-06-18				
1295	79	A8PP6F	3	1	2	2	16800	840	2026-01-10				
1296	12	5KR5NP	26	1	2	2	16800	840	2026-02-27				
1297	96	5AFKKA	9	4	3	5	35000	1750	2025-11-10				
1298	45	K86UE6	67	0	1	2	7000	0	2025-07-23				
1299	73	9VAAEC	32	0	5	2	19000	950	2025-06-07				
1300	78	WIE620	60	5	4	2	36000	1800	2025-07-09				
1301	49	EPQJ41	10	3	0	3	18000	900	2025-12-23				
1302	4	0R1EF1	66	4	3	1	27000	1350	2025-06-17				
1303	5	3MNJAF	57	1	4	2	20000	1000	2025-09-28				
1304	25	QOXY65	56	0	3	5	19000	950	2026-01-12				
1305	70	8Z32CK	25	1	2	2	14000	700	2025-07-26				
1306	23	U9Q1O6	12	1	5	5	29000	1450	2025-09-19				
1307	53	BRL6YH	43	4	3	4	33000	1650	2025-07-21				
1308	39	G20QRT	12	5	1	4	31000	1550	2025-09-16				
1309	79	EWK7CN	37	4	0	2	20000	1000	2025-06-22				
1310	95	OA89G2	44	5	0	1	22000	1100	2025-08-10				
1311	14	WB4D8J	67	4	5	0	31000	1550	2025-08-02				
1312	39	0L0326	17	3	0	5	22000	1100	2026-02-03				
1313	89	VY9JTY	39	2	3	2	21000	1050	2025-06-21				
1314	75	ERHZ0S	52	2	4	0	20000	1000	2026-02-18				
1315	51	AAP538	31	3	3	5	31000	1550	2025-11-14				
1316	5	SQB6GY	5	5	1	3	29000	1450	2025-09-08				
1317	82	K0SSBS	25	1	0	4	12000	600	2025-07-27				
1318	86	VNAQ7X	24	1	2	3	16000	800	2026-01-13				
1319	13	EUXK1C	38	5	5	0	42000	2100	2025-11-20				
1320	95	CP17V6	11	0	4	0	14400	720	2025-09-22				
1321	35	C13EZ6	35	4	2	0	26400	1320	2025-12-01				
1322	68	OTEO7G	32	4	1	4	32400	1620	2025-06-04				
1323	34	T7Q5SD	70	5	2	5	43200	2160	2025-11-09				
1324	61	0S4QBV	62	2	3	0	20400	1020	2025-06-24				
1325	6	N1E4JE	11	1	5	2	27600	1380	2025-09-19				
1326	47	IXRI0T	36	2	5	5	39600	1980	2025-08-09				
1327	38	R3O0RD	43	2	5	3	34800	1740	2025-08-11				
1328	83	MMDND5	34	2	5	3	34800	1740	2025-06-21				
1329	57	8TLSTN	53	5	2	5	43200	2160	2026-03-12				
1330	43	KGPW3R	60	3	4	0	28800	1440	2025-06-29				
1331	53	X0R609	66	4	2	5	38400	1920	2025-06-10				
1332	10	8545Q0	27	5	2	0	31200	1560	2025-12-21				
1333	39	89C007	62	1	0	2	9600	0	2025-12-11				
1334	18	HFL1Y2	5	3	5	0	27000	1350	2025-09-18				
1335	60	DNZ63K	67	2	5	1	25000	1250	2025-08-02				
1336	1	ILBVE7	53	1	3	3	19000	950	2026-01-14				
1337	43	M4F3NL	52	0	2	0	6000	0	2025-12-31				
1338	11	UQU2SI	12	0	4	3	18000	900	2025-10-05				
1339	22	AG00Y7	9	4	2	4	30000	1500	2025-11-10				
1340	36	XHY3KT	69	5	1	3	29000	1450	2025-11-11				
1341	32	83AJF8	12	3	3	0	21000	1050	2025-10-04				
1342	16	XV7O8Y	42	0	4	0	12000	600	2025-12-31				
1343	66	H1B4SU	50	3	2	1	20000	1000	2025-10-24				
1344	52	612YPI	10	0	0	2	4000	0	2025-12-22				
1345	40	SN9YSO	33	5	4	3	38000	1900	2025-07-31				
1346	31	9BJDTZ	12	3	0	0	12000	600	2025-09-28				
1347	29	X3H15P	28	2	5	3	29000	1450	2025-12-17				
1348	39	0TJJY0	25	5	1	5	33000	1650	2025-07-20				
1349	78	CWQB25	37	5	5	1	37000	1850	2025-06-17				
1350	94	0OVBXV	39	0	2	5	16000	800	2025-06-18				
1351	34	SQKV5C	23	0	1	2	7000	0	2025-08-13				
1352	70	MR6S57	8	0	5	3	21000	1050	2025-08-01				
1353	69	D2NVSN	23	0	2	5	16000	800	2025-08-14				
1354	59	YQ5Y6Z	39	2	3	2	21000	1050	2025-06-22				
1355	13	JA2YH4	65	4	0	2	20000	1000	2025-09-09				
1356	50	21D4YG	71	5	5	4	43000	2150	2026-02-23				
1357	79	CY0QJZ	59	1	3	1	15000	750	2026-02-21				
1358	24	DPOM69	7	1	2	0	10000	500	2026-02-24				
1359	59	T07QDZ	19	5	4	5	42000	2100	2025-07-17				
1360	55	7HKK09	66	3	0	4	20000	1000	2025-06-06				
1361	52	G1S1V8	37	4	0	0	16000	800	2025-06-23				
1362	81	57LZVQ	51	3	1	5	25000	1250	2026-02-16				
1363	43	MVPCD2	38	1	3	2	17000	850	2025-11-20				
1364	59	GIJYY7	25	5	4	0	32000	1600	2025-07-24				
1365	24	IYJA5F	4	2	0	2	12000	600	2025-10-13				
1366	20	O98KFY	28	0	5	4	27600	1380	2025-12-18				
1367	21	EYG4JC	10	1	5	2	27600	1380	2025-12-23				
1368	77	38WIRK	63	1	4	1	21600	1080	2026-04-07				
1369	31	G9VAMQ	43	3	5	4	42000	2100	2025-08-08				
1370	31	7TIF74	64	3	2	2	26400	1320	2025-10-19				
1371	53	9GGOLO	68	1	2	4	21600	1080	2025-07-22				
1372	40	08GFK7	61	3	3	4	34800	1740	2026-04-16				
1373	32	Q6H8P2	47	2	5	1	30000	1500	2026-01-04				
1374	77	K82W5V	2	0	5	2	19000	950	2026-02-13				
1375	97	ADC5Y7	21	0	1	2	7000	0	2025-06-08				
1376	57	8JZA25	63	3	0	3	18000	900	2026-04-02				
1377	95	HD84BV	49	3	0	0	12000	600	2026-02-16				
1378	40	TB2OI8	27	4	1	3	25000	1250	2025-12-16				
1379	78	FIXN8D	19	4	2	4	30000	1500	2025-07-14				
1380	26	1VB3E0	24	4	0	5	26000	1300	2026-01-13				
1381	53	UGK8RH	36	1	4	3	22000	1100	2025-08-02				
1382	12	W4XJ5M	44	1	0	1	6000	0	2025-08-10				
1383	79	SGQ72Q	64	4	3	5	35000	1750	2025-10-24				
1384	12	O3WK6A	44	3	2	0	18000	900	2025-08-13				
1385	41	G7JGT3	27	3	5	2	31000	1550	2025-12-21				
1386	80	IL8W3I	62	5	4	2	36000	1800	2025-03-12				
1387	57	EAYCF4	51	0	5	0	15000	750	2026-06-05				
1388	86	91YGSS	21	3	1	4	23000	1150	2025-06-10				
1389	62	35DAH6	3	5	1	4	31000	1550	2026-01-09				
1390	65	XS9YS3	29	5	5	3	41000	2050	2025-12-29				
1391	96	HK9WPE	36	1	2	1	12000	600	2025-08-25				
1392	49	R7SFTD	22	0	5	0	15000	750	2026-02-20				
1393	61	ZA5BHX	23	2	4	2	24000	1200	2025-08-08				
1394	36	U0OCTW	26	2	0	3	14000	700	2026-03-02				
1395	3	SW47KY	33	4	5	1	33000	1650	2025-08-13				
1396	99	01ZSLO	52	3	0	2	16000	800	2026-03-14				
1397	9	K67YX2	68	5	2	1	28000	1400	2025-07-21				
1398	30	TJT1UH	52	1	5	2	23000	1150	2026-02-13				
1399	85	98J4VM	53	4	4	4	36000	1800	2025-08-22				
1400	84	74ZNXQ	35	4	4	2	32000	1600	2025-12-06				
1401	13	8KRW85	32	2	3	0	20400	1020	2025-07-16				
1402	57	Y9MULD	10	5	0	3	31200	1560	2025-12-19				
1403	79	305VUN	7	5	1	0	27600	1380	2026-03-03				
1404	83	YTG4JN	10	1	0	5	16800	840	2025-12-22				
1405	43	8LD78Z	59	3	2	2	26400	1320	2026-01-25				
1406	54	PK76K3	59	2	2	4	26400	1320	2026-01-15				
1407	13	T0QOOS	62	4	3	2	34800	1740	2025-04-22				
1408	100	DY0CT9	13	5	5	3	49200	2460	2024-12-23				
1409	38	VTAV3I	7	0	5	4	27600	1380	2026-02-25				
1410	21	AC5SS4	44	5	4	5	50400	2520	2025-08-10				
1411	79	09UVW9	24	5	1	3	34800	1740	2026-01-16				
1412	94	5WTLYG	59	1	2	4	21600	1080	2026-01-20				
1413	93	1SXHWW	70	5	0	0	24000	1200	2025-11-18				
1414	75	SMJW4T	4	1	5	1	25200	1260	2025-10-30				
1415	36	CEFQ3D	19	4	3	5	35000	1750	2025-07-16				
1416	47	8WN764	72	5	5	0	35000	1750	2026-01-25				
1417	2	BSAG6J	48	4	4	1	30000	1500	2025-07-01				
1418	35	N30R6N	47	4	1	3	25000	1250	2026-01-07				
1419	95	P46JZM	7	0	0	3	6000	0	2026-03-02				
1420	54	LNG02G	17	2	5	5	33000	1650	2026-01-30				
1421	68	RRF6WQ	37	1	4	2	20000	1000	2025-06-20				
1422	61	5LVQE6	32	3	1	3	21000	1050	2025-06-08				
1423	92	YOS7C9	72	4	4	3	34000	1700	2026-01-24				
1424	52	HHGB67	44	1	5	4	27000	1350	2025-08-12				
1425	53	0XPPAN	40	5	4	1	34000	1700	2026-02-14				
1426	36	IBAG8N	54	2	3	3	23000	1150	2025-10-25				
1427	50	4X9AAD	56	2	2	4	22000	1100	2026-03-12				
1428	17	0GEW1G	31	1	5	0	19000	950	2025-11-20				
1429	54	707G2Z	25	0	5	2	19000	950	2025-07-26				
1430	14	YSPN6N	13	3	2	0	18000	900	2024-12-20				
1431	21	IM92P3	67	5	3	1	31000	1550	2025-07-28				
1432	97	0I2YGN	56	1	0	2	8000	0	2026-04-10				
1433	69	9ZR6EN	59	3	2	0	18000	900	2026-02-08				
1434	37	PHCGB1	28	2	4	1	22000	1100	2025-12-14				
1435	7	C6VERA	37	2	0	1	10000	500	2025-06-21				
1436	78	LNM9O8	50	2	0	2	12000	600	2025-06-26				
1437	51	SO7ET1	67	0	5	4	23000	1150	2025-07-30				
1438	64	Z82H53	21	0	2	4	14000	700	2025-06-06				
1439	18	X0DH9I	24	0	0	1	2000	0	2026-01-18				
1440	87	WU777V	54	3	0	5	26400	1320	2025-12-09				
1441	18	7MWTGV	66	4	4	2	38400	1920	2025-06-08				
1442	58	KH9SY3	27	0	0	1	2400	0	2025-12-17				
1443	53	9VL4Z1	41	3	4	4	38400	1920	2025-09-16				
1444	38	LRUEJ4	27	0	4	5	26400	1320	2025-12-18				
1445	30	LMBKY8	4	4	4	5	45600	2280	2025-10-31				
1446	95	F9BZC7	50	0	2	2	12000	600	2025-09-16				
1447	77	89OK6D	19	1	2	5	24000	1200	2025-07-11				
1448	27	G029P7	70	0	1	1	6000	0	2025-11-11				
1449	59	HHC7BP	19	2	4	1	26400	1320	2025-07-18				
1450	40	65I412	54	2	1	1	15600	780	2025-11-03				
1451	35	3JYHKJ	51	0	3	2	15600	780	2025-12-03				
1452	4	94Z6AI	20	1	5	0	22800	1140	2025-10-09				
1453	35	9F4JZL	37	3	3	3	32400	1620	2025-06-26				
1454	54	4KJYW7	19	3	3	2	30000	1500	2025-07-15				
1455	33	YCMPD8	61	1	2	1	14400	720	2026-05-08				
1456	28	UQZ6SH	44	0	3	4	17000	850	2025-08-14				
1457	31	ZGP2BR	25	0	4	2	16000	800	2025-07-21				
1458	2	0L4ND9	12	5	1	1	25000	1250	2025-09-28				
1459	84	V73LBH	54	5	5	0	35000	1750	2025-11-01				
1460	9	V2U6SU	17	0	3	0	9000	0	2026-01-30				
1461	11	Q7YTOZ	57	3	5	5	37000	1850	2025-10-02				
1462	15	B2N6KI	2	2	3	5	27000	1350	2026-02-09				
1463	74	5MFVXK	28	5	2	3	32000	1600	2025-12-15				
1464	27	441JZC	23	2	3	2	21000	1050	2025-08-11				
1465	71	Q9SSK0	10	3	2	0	18000	900	2025-12-21				
1466	24	DUN335	13	5	1	4	31000	1550	2024-12-26				
1467	78	7FLMYR	41	5	0	5	30000	1500	2025-09-08				
1468	69	F9S3FO	68	1	1	3	13000	650	2025-07-19				
1469	12	A49SHZ	11	2	3	3	23000	1150	2025-09-19				
1470	97	49CCFL	68	5	0	1	22000	1100	2025-07-17				
1471	95	9Y81OB	22	3	4	5	34000	1700	2026-02-15				
1472	41	9TGKEN	36	0	0	1	2000	0	2025-08-25				
1473	28	4VV4LE	68	3	3	2	25000	1250	2025-07-16				
1474	33	6NWIF6	39	3	5	2	31000	1550	2025-06-16				
1475	61	09RWAK	42	4	0	0	16000	800	2026-01-01				
1476	80	JJS4T9	54	1	5	5	29000	1450	2025-11-08				
1477	70	F7KJNR	37	2	5	2	32400	1620	2025-06-26				
1478	29	SNO1H0	16	5	5	3	49200	2460	2025-08-13				
1479	49	JC1I02	49	0	2	1	9600	0	2026-01-18				
1480	66	TBH5XR	13	4	3	5	42000	2100	2024-12-21				
1481	87	POI6FC	22	0	2	3	14400	720	2026-02-15				
1482	67	G0UVLW	50	0	2	4	16800	840	2025-07-17				
1483	17	YVMH0X	45	1	2	4	21600	1080	2026-01-14				
1484	35	W1K176	66	4	1	1	21000	1050	2025-06-07				
1485	88	96RSPO	7	1	0	5	14000	700	2026-02-17				
1486	100	5R5V1Q	54	5	5	3	41000	2050	2025-11-08				
1487	89	YT4RUH	30	3	4	4	32000	1600	2025-06-08				
1488	81	R2EODP	72	4	1	1	21000	1050	2026-01-16				
1489	44	SZ4GGK	57	5	1	1	25000	1250	2025-09-24				
1490	98	UDNN6Q	14	4	4	0	28000	1400	2025-12-01				
1491	8	YR7WYO	64	5	3	5	39000	1950	2025-09-11				
1492	18	EFTJY5	66	1	4	2	20000	1000	2025-06-11				
1493	100	NY2ECQ	26	3	2	2	22000	1100	2026-02-26				
1494	78	L3SH9M	66	3	5	4	35000	1750	2025-06-13				
1495	7	Z02B3J	41	5	5	2	39000	1950	2025-09-11				
1496	31	08NPWW	7	3	1	5	25000	1250	2026-03-03				
1497	15	J2KSVK	1	3	5	3	33000	1650	2025-09-06				
1498	31	9GIGLW	27	2	4	1	22000	1100	2025-12-12				
1499	94	CP2AKG	19	3	3	3	27000	1350	2025-07-16				
1500	50	R6BAHI	42	0	5	5	25000	1250	2025-12-29				
1501	15	3BGMDN	56	3	1	2	19000	950	2026-01-11				
1502	31	NP3JCJ	48	1	5	3	25000	1250	2025-06-30				
1503	44	IBW85C	12	0	4	3	18000	900	2025-09-29				
1504	8	K5TD76	7	2	5	1	25000	1250	2026-02-25				
1505	94	4S8Y7N	41	5	5	2	39000	1950	2025-09-17				
1506	69	WK6110	47	2	5	0	23000	1150	2026-01-09				
1507	79	W4LHYE	11	1	3	0	13000	650	2025-09-25				
1508	82	1H9XQK	49	4	4	1	30000	1500	2026-01-11				
1509	61	09P320	67	4	5	0	31000	1550	2025-07-22				
1510	40	Y197EM	70	4	1	4	27000	1350	2025-11-30				
1511	11	ZGO1PQ	44	3	3	4	29000	1450	2025-08-18				
1512	32	PFGGT1	19	1	5	5	29000	1450	2025-07-14				
1513	52	5W766F	56	2	1	5	21000	1050	2026-02-22				
1514	22	QO3T2S	37	5	3	2	33000	1650	2025-06-19				
1515	20	0PYWUM	51	0	4	1	16800	840	2025-11-29				
1516	65	XO9MH9	54	1	3	0	15600	780	2025-12-07				
1517	85	ON1XZ2	53	1	1	3	15600	780	2025-03-22				
1518	25	H76Y2F	64	4	1	0	22800	1140	2025-09-02				
1519	88	VTSXI8	18	2	5	2	32400	1620	2025-08-16				
1520	41	60KZOV	69	0	0	3	7200	0	2025-11-12				
1521	52	U7ATBY	46	1	2	1	14400	720	2026-01-30				
1522	22	BZO92J	62	3	4	3	36000	1800	2025-02-25				
1523	55	TG6QAT	1	1	4	5	31200	1560	2025-09-10				
1524	76	LZ6U08	5	3	4	1	26000	1300	2025-09-09				
1525	36	RVX82S	51	2	2	2	18000	900	2026-06-19				
1526	49	1HTQBS	47	1	5	0	19000	950	2026-01-07				
1527	96	MSB10C	7	2	3	3	23000	1150	2026-02-22				
1528	26	R6GL6T	57	3	4	1	26000	1300	2025-09-29				
1529	23	SPJRI5	47	0	2	2	10000	500	2026-01-11				
1530	47	BI9ILB	56	0	1	1	5000	0	2026-03-03				
1531	39	EA0OO4	37	1	0	4	12000	600	2025-06-21				
1532	44	S1GRP6	48	4	0	3	22000	1100	2025-07-03				
1533	99	5N3N35	69	5	5	1	37000	1850	2025-10-29				
1534	48	1IM8M5	40	2	4	0	20000	1000	2026-02-15				
1535	50	9RGNXT	53	5	0	5	30000	1500	2025-09-17				
1536	99	RO145J	55	1	2	1	12000	600	2025-10-23				
1537	94	CH99T8	70	4	2	3	28000	1400	2025-11-25				
1538	52	KHXGG2	45	3	0	0	12000	600	2026-01-19				
1539	64	PTVRM2	21	0	3	1	11000	550	2025-06-03				
1540	37	BNO95N	12	2	1	1	13000	650	2025-10-03				
1541	32	I9293A	59	3	2	4	26000	1300	2026-01-17				
1542	90	2MS8GA	72	1	3	5	27600	1380	2026-01-14				
1543	100	F8CGK4	55	3	2	4	31200	1560	2025-12-27				
1544	21	U5L9C6	66	5	0	3	31200	1560	2025-06-06				
1545	75	JM5BRF	23	0	5	0	18000	900	2025-08-14				
1546	30	XXV9CW	32	3	1	1	20400	1020	2025-06-19				
1547	75	4FB4G4	33	3	2	4	31200	1560	2025-08-08				
1548	64	V5VSFA	62	2	4	4	33600	1680	2025-02-28				
1549	37	9IQ3DW	6	5	3	5	46800	2340	2026-01-01				
1550	63	MIFG0B	40	2	2	3	24000	1200	2026-02-17				
1551	45	D83H6B	51	2	0	2	14400	720	2026-05-06				
1552	52	45QUOI	71	4	0	3	26400	1320	2026-06-04				
1553	40	LEPK5A	15	0	3	1	11000	550	2025-09-29				
1554	47	J54TTV	34	3	1	2	19000	950	2025-06-20				
1555	53	LZ7WXN	41	0	1	2	7000	0	2025-09-09				
1556	88	K43Y7C	63	2	2	3	20000	1000	2025-11-10				
1557	94	GTP50T	5	0	4	4	20000	1000	2025-09-10				
1558	40	BHBO3R	10	2	2	5	24000	1200	2025-12-22				
1559	68	NMT4CC	25	0	1	5	13000	650	2025-07-21				
1560	83	Z0NWWG	52	2	2	0	14000	700	2026-03-20				
1561	26	0VFQ3U	19	2	5	4	31000	1550	2025-07-11				
1562	47	5SHI6S	47	3	2	4	26000	1300	2026-01-08				
1563	96	FSR1IL	64	3	0	4	20000	1000	2025-09-24				
1564	83	N5FK7P	53	0	3	1	11000	550	2026-04-08				
1565	76	F4L2PA	23	2	5	0	23000	1150	2025-08-09				
1566	25	1JYSPI	11	3	0	5	22000	1100	2025-09-22				
1567	33	GUCE5N	43	1	5	4	27000	1350	2025-08-07				
1568	90	L54775	68	3	2	2	22000	1100	2025-07-20				
1569	42	YKMCZ3	9	0	3	4	17000	850	2025-11-16				
1570	96	R8TMCX	2	2	5	0	23000	1150	2026-01-23				
1571	78	KGTFT2	62	0	3	0	9000	0	2025-08-23				
1572	90	117KIK	65	5	3	3	35000	1750	2025-09-11				
1573	80	7Z1JZN	22	0	4	5	22000	1100	2026-02-17				
1574	6	44L0IW	43	2	5	1	25000	1250	2025-08-15				
1575	77	JPWDK5	38	4	2	0	22000	1100	2025-11-15				
1576	21	2I5ZUO	62	1	1	1	9000	0	2026-06-10				
1577	12	WE6AIF	59	1	0	0	4000	0	2025-11-06				
1578	43	F3IUGZ	65	0	1	1	5000	0	2025-09-01				
1579	55	2N7D83	34	3	3	3	27000	1350	2025-06-17				
1580	86	GFT1C4	72	0	5	2	19000	950	2026-01-26				
1581	31	YJ8JZ9	12	1	0	4	12000	600	2025-09-19				
1582	42	M7ECGJ	43	5	4	3	38000	1900	2025-08-05				
1583	11	KTK04E	71	3	4	1	26000	1300	2026-03-17				
1584	71	BCJF90	6	3	4	0	24000	1200	2026-01-09				
1585	31	P3I44N	13	2	5	3	29000	1450	2024-12-23				
1586	82	7L4AA6	30	0	3	0	10800	540	2025-06-10				
1587	52	07R22J	13	2	1	2	18000	900	2024-12-24				
1588	48	F706BW	44	1	1	1	10800	540	2025-08-21				
1589	98	YFO0KL	47	3	4	0	28800	1440	2026-01-12				
1590	100	VHHH26	4	0	3	0	10800	540	2025-10-17				
1591	55	6RQ109	21	4	4	0	33600	1680	2025-06-07				
1592	63	G3HCHZ	3	0	1	3	10800	540	2025-12-27				
1593	61	M0ND64	40	4	2	0	26400	1320	2026-02-12				
1594	1	2LB78B	65	0	2	0	7200	0	2025-09-02				
1595	81	JDN0GJ	59	5	2	4	40800	2040	2025-12-16				
1596	31	GIM9WX	4	5	3	0	34800	1740	2025-10-03				
1597	40	32OE1L	47	0	0	4	9600	0	2026-01-11				
1598	28	NFH2WN	56	2	5	0	23000	1150	2026-03-22				
1599	56	85Q7SC	57	0	1	2	7000	0	2025-09-30				
1600	22	S44Z68	38	2	4	5	30000	1500	2025-11-20				
1601	55	MRXYW5	70	3	4	0	24000	1200	2025-11-19				
1602	100	AFX9M0	40	3	2	3	24000	1200	2026-02-13				
1603	23	CHFT2C	24	2	2	5	24000	1200	2026-01-14				
1604	80	SK478O	60	4	5	1	33000	1650	2025-06-12				
1605	93	GIEXV2	33	0	5	5	25000	1250	2025-09-24				
1606	22	6WVQDJ	24	1	2	5	20000	1000	2026-01-13				
1607	63	RXCJD8	65	1	1	4	15000	750	2025-09-20				
1608	99	LFZDU0	39	3	0	0	12000	600	2025-06-21				
1609	35	1R9IXS	22	1	2	5	20000	1000	2026-02-16				
1610	42	Q2ZZ2Z	42	0	4	0	12000	600	2025-12-28				
1611	65	8EDIJF	72	0	3	5	19000	950	2026-01-17				
1612	91	7WQ7SM	68	3	1	5	25000	1250	2025-07-23				
1613	45	IYMDL2	62	2	5	2	27000	1350	2026-02-07				
1614	100	7K8DGV	23	0	1	5	13000	650	2025-08-15				
1615	41	NZW9CB	50	3	5	0	27000	1350	2025-10-06				
1616	85	Q37LLP	58	1	3	1	15000	750	2025-11-06				
1617	16	08Y4LD	35	1	3	2	17000	850	2025-12-07				
1618	51	GMH7UC	10	5	5	0	35000	1750	2025-12-23				
1619	73	8YIXBQ	13	2	2	3	20000	1000	2024-12-24				
1620	12	GHNED4	14	0	1	2	7000	0	2025-12-05				
1621	86	1Y48QP	28	4	1	4	27000	1350	2025-12-15				
1622	65	1QQSXP	29	1	2	4	18000	900	2025-12-29				
1623	41	B56R2X	52	4	4	3	34000	1700	2026-03-28				
1624	48	0BKYGG	24	2	5	5	33000	1650	2026-01-18				
1625	93	3VP95P	5	3	1	3	21000	1050	2025-09-08				
1626	4	HH1YLZ	71	0	0	5	12000	600	2026-01-27				
1627	27	J9BL4W	38	3	3	5	37200	1860	2025-11-17				
1628	59	LRW1AS	59	3	4	4	38400	1920	2025-11-17				
1629	64	9GESS4	53	3	2	4	31200	1560	2025-08-14				
1630	55	DBK6JB	70	3	2	3	28800	1440	2025-11-15				
1631	29	OHX3CI	14	5	4	1	40800	2040	2025-12-03				
1632	40	25XJHN	37	5	4	1	40800	2040	2025-06-22				
1633	97	81CEPD	67	1	5	2	27600	1380	2025-08-01				
1634	37	B1ZYAF	54	0	3	3	18000	900	2025-10-15				
1635	26	G6K1J1	66	0	0	4	8000	0	2025-06-08				
1636	20	XION5T	49	3	5	4	35000	1750	2026-03-03				
1637	56	IB3CWC	52	4	4	1	30000	1500	2026-01-18				
1638	51	TJD4LA	5	5	0	5	30000	1500	2025-09-17				
1639	45	HN2ZYM	69	1	1	0	7000	0	2025-10-30				
1640	56	6KA84M	46	2	5	2	27000	1350	2026-01-30				
1641	65	7RLI75	20	1	0	5	14000	700	2025-10-09				
1642	2	S8B60B	18	2	5	4	31000	1550	2025-08-14				
1643	68	IC8KR7	11	3	5	2	31000	1550	2025-09-19				
1644	13	8J4ZV8	65	1	4	2	20000	1000	2025-09-11				
1645	63	3FEUDX	32	5	3	2	33000	1650	2025-07-07				
1646	50	YG8E6T	28	3	1	4	23000	1150	2025-12-10				
1647	91	J0XLN3	27	5	3	2	33000	1650	2025-12-17				
1648	73	SYZ16C	66	1	0	5	14000	700	2025-06-04				
1649	29	FP2TS7	24	2	5	1	25000	1250	2026-01-14				
1650	13	A89SMP	3	5	1	3	29000	1450	2026-01-12				
1651	70	Z5XBDM	63	1	1	3	13000	650	2026-03-09				
1652	67	1LDBN2	29	5	3	5	39000	1950	2025-12-29				
1653	19	8O4J61	44	5	0	1	22000	1100	2025-08-16				
1654	61	UYXLJ4	63	5	2	1	28000	1400	2026-05-29				
1655	89	GDG226	15	5	3	5	39000	1950	2025-09-27				
1656	33	4UORLZ	3	2	3	5	27000	1350	2025-12-31				
1657	34	UL9PQ4	56	1	3	0	13000	650	2026-04-02				
1658	20	14NBZJ	18	3	1	0	15000	750	2025-08-12				
1659	73	QXWZ0V	32	4	2	1	24000	1200	2025-06-24				
1660	18	REY5XN	39	0	0	3	6000	0	2025-06-17				
1661	35	3DIM6Z	65	3	4	4	32000	1600	2025-09-03				
1662	25	GY4EYC	23	5	0	0	20000	1000	2025-08-11				
1663	67	CK57P9	52	1	2	1	12000	600	2025-12-12				
1664	95	TGXYN1	19	4	4	3	34000	1700	2025-07-14				
1665	94	DAH4D2	57	5	1	0	23000	1150	2025-10-01				
1666	99	LL17LD	15	3	1	2	19000	950	2025-09-24				
1667	96	KMV1KQ	28	0	1	4	11000	550	2025-12-10				
1668	63	QZUNZ6	72	4	1	4	27000	1350	2026-01-11				
1669	13	EGZ14Y	69	3	2	5	28000	1400	2025-11-22				
1670	75	C2BEMW	69	0	1	0	3000	0	2025-11-12				
1671	23	AU95N7	19	1	2	4	21600	1080	2025-07-13				
1672	28	IA1FU1	71	5	0	2	28800	1440	2026-01-26				
1673	40	YSEGO0	35	2	4	0	24000	1200	2025-11-30				
1674	43	VCA6IA	72	3	0	0	14400	720	2026-01-18				
1675	98	XMPB6I	3	2	1	4	22800	1140	2025-12-28				
1676	5	PUO0KE	61	2	0	1	12000	600	2026-01-19				
1677	40	UWCPY6	27	3	4	3	36000	1800	2025-12-22				
1678	49	1FIDPA	14	3	2	4	26000	1300	2025-12-02				
1679	82	T83CTK	7	2	1	5	21000	1050	2026-02-28				
1680	72	N4BEEV	35	2	1	2	15000	750	2025-12-05				
1681	39	Z3BSFU	22	1	5	3	25000	1250	2026-02-16				
1682	97	64CKM2	15	2	4	3	26000	1300	2025-09-20				
1683	17	A3EUY9	62	5	0	3	26000	1300	2025-09-30				
1684	11	EXY6Y9	2	1	1	4	15000	750	2026-02-03				
1685	66	CO5OMY	63	1	4	4	24000	1200	2025-12-08				
1686	31	ZFA2OS	60	5	0	4	28000	1400	2025-06-12				
1687	42	NJMKR8	67	2	3	3	23000	1150	2025-07-23				
1688	8	AMDG74	3	1	5	4	27000	1350	2026-01-10				
1689	85	DP92FQ	23	4	1	5	29000	1450	2025-08-13				
1690	82	X5ZI9M	23	2	0	5	18000	900	2025-08-12				
1691	6	SRZK7D	28	2	1	4	19000	950	2025-12-08				
1692	77	YZ3PVC	33	3	0	2	16000	800	2025-09-05				
1693	73	S7BEPW	38	1	1	1	9000	0	2025-11-14				
1694	24	VFCY6K	65	2	2	5	24000	1200	2025-09-03				
1695	37	PUYQC0	20	3	0	1	14000	700	2025-10-27				
1696	77	4HFG3E	39	0	3	1	11000	550	2025-06-17				
1697	49	U71JUL	16	4	3	2	29000	1450	2025-08-09				
1698	57	LEB9E2	34	5	3	2	33000	1650	2025-06-18				
1699	94	KJ0QEI	29	3	5	1	29000	1450	2025-12-30				
1700	70	7RB3CX	54	4	0	4	24000	1200	2025-10-13				
1701	42	WVV1QK	72	1	5	3	25000	1250	2026-01-07				
1702	11	5TKSIX	62	2	0	3	14000	700	2025-09-18				
1703	70	RKS5YO	28	1	4	0	16000	800	2025-12-15				
1704	24	QN9LIB	30	1	2	3	16000	800	2025-06-06				
1705	7	VJDGT2	30	1	0	1	6000	0	2025-06-05				
1706	96	RJ04MR	72	0	2	3	12000	600	2026-01-17				
1707	1	Q7PQ9Z	33	5	0	1	26400	1320	2025-09-26				
1708	87	KN7SXC	70	2	1	0	13200	660	2025-11-29				
1709	96	KGMG8P	35	5	0	0	24000	1200	2025-11-30				
1710	37	N8WQW7	7	4	3	3	37200	1860	2026-02-27				
1711	55	JWX2FF	37	1	0	5	16800	840	2025-06-18				
1712	74	W5Q56V	22	4	0	0	19200	960	2026-02-14				
1713	85	LNXG33	28	5	3	0	34800	1740	2025-12-03				
1714	11	8LAYSZ	71	1	3	4	25200	1260	2026-03-15				
1715	20	W2MO0B	63	1	1	4	18000	900	2026-05-13				
1716	56	LEZ0ZC	33	3	5	2	37200	1860	2025-09-23				
1717	80	U8VM3M	42	3	3	3	32400	1620	2025-12-29				
1718	58	512FYL	53	5	5	0	35000	1750	2026-03-06				
1719	21	07G4SY	44	0	3	4	17000	850	2025-08-10				
1720	9	3PMQQ2	68	5	5	0	35000	1750	2025-07-16				
1721	20	2AC1HJ	16	0	4	2	16000	800	2025-08-15				
1722	34	UYLB0L	19	3	2	5	28000	1400	2025-07-12				
1723	78	6MA8T6	61	3	4	2	28000	1400	2026-05-20				
1724	90	FBWO53	68	2	4	1	22000	1100	2025-07-23				
1725	30	TF6BSE	5	2	1	3	17000	850	2025-09-07				
1726	19	XE9FDQ	55	0	4	4	20000	1000	2025-10-20				
1727	97	74IFMW	6	2	0	2	12000	600	2026-01-09				
1728	68	68B13P	11	3	1	1	17000	850	2025-09-25				
1729	30	1BYRW9	64	4	0	5	26000	1300	2025-09-05				
1730	84	I6YRER	16	4	2	2	26000	1300	2025-08-12				
1731	29	TVPDZ5	26	0	1	4	11000	550	2026-02-26				
1732	97	49OJI9	67	2	2	4	22000	1100	2025-07-28				
1733	1	5E26EO	31	5	1	3	29000	1450	2025-11-22				
1734	18	17GJ80	72	5	4	1	34000	1700	2026-01-19				
1735	73	676HEW	28	0	3	2	13000	650	2025-12-20				
1736	9	34Z9VU	34	3	0	5	22000	1100	2025-06-26				
1737	54	W9OCTK	9	5	3	2	33000	1650	2025-11-11				
1738	27	D5XLUB	56	5	0	2	24000	1200	2026-01-05				
1739	71	NT4H9O	32	4	1	5	29000	1450	2025-07-06				
1740	81	5LLICW	45	1	4	2	20000	1000	2026-01-22				
1741	61	2E4UKY	2	3	5	1	29000	1450	2026-01-31				
1742	29	GXD4CO	72	4	1	4	27000	1350	2026-01-17				
1743	62	FIB4JM	17	2	1	2	15000	750	2026-01-28				
1744	72	KDSH6B	31	5	5	4	43000	2150	2025-11-22				
1745	74	FP2HR7	69	5	3	4	37000	1850	2025-11-14				
1746	75	2PK98J	28	0	2	5	16000	800	2025-12-12				
1747	62	5U0UFO	52	1	2	2	14000	700	2025-12-29				
1748	47	ZERIU0	41	4	3	2	29000	1450	2025-09-13				
1749	92	ILLQ4R	23	1	4	5	26000	1300	2025-08-13				
1750	63	9W77BI	13	4	5	2	42000	2100	2024-12-25				
1751	86	DEYZ7Z	37	0	5	1	20400	1020	2025-06-18				
1752	51	9AFQT0	48	3	5	4	42000	2100	2025-07-04				
1753	19	F82VZJ	3	0	0	1	2400	0	2026-02-04				
1754	12	Y39JIW	31	5	5	5	54000	2700	2025-11-21				
1755	14	SG7S6C	52	3	0	0	14400	720	2026-03-03				
1756	57	7OWWAA	62	4	4	2	38400	1920	2026-01-26				
1757	32	5Y33IO	25	4	2	5	38400	1920	2025-07-22				
1758	8	ZOK96P	54	5	2	3	38400	1920	2025-11-09				
1759	89	9O9E5C	16	4	1	1	25200	1260	2025-08-15				
1760	89	X96XZ6	10	1	4	0	19200	960	2025-12-23				
1761	94	JH3PME	27	0	5	2	19000	950	2025-12-19				
1762	28	7D1VYK	20	3	2	2	22000	1100	2025-10-18				
1763	22	MU3PVP	54	1	2	2	14000	700	2025-10-11				
1764	25	PY0IPY	60	4	1	3	25000	1250	2025-07-09				
1765	65	214AF3	47	3	1	3	21000	1050	2026-01-02				
1766	54	IYZ5HA	5	3	3	2	25000	1250	2025-09-16				
1767	75	S9H1HT	5	4	2	5	32000	1600	2025-09-09				
1768	1	H9R75T	61	0	2	0	6000	0	2025-06-27				
1769	6	47HK75	17	3	5	2	31000	1550	2026-01-27				
1770	40	8DFX3G	13	5	3	3	35000	1750	2024-12-24				
1771	90	D9S7VQ	19	1	5	3	25000	1250	2025-07-15				
1772	6	7R0JKM	43	4	2	2	26000	1300	2025-08-06				
1773	7	NOZE25	44	2	4	1	22000	1100	2025-08-17				
1774	63	LTJ6GS	63	4	5	5	41000	2050	2026-04-10				
1775	50	Y1066S	68	0	1	4	11000	550	2025-07-16				
1776	10	2RUIRC	5	0	4	4	20000	1000	2025-09-11				
1777	10	SZJ09A	5	2	3	0	17000	850	2025-09-05				
1778	33	H22V8W	8	0	2	1	8000	0	2025-08-03				
1779	8	SSV4TF	35	5	3	4	37000	1850	2025-11-28				
1780	90	W3YR10	13	2	4	2	24000	1200	2024-12-24				
1781	9	JH0AQ0	8	1	3	1	15000	750	2025-08-03				
1782	80	DK69SK	16	4	1	5	29000	1450	2025-08-10				
1783	70	8IYU14	20	5	0	4	28000	1400	2025-10-19				
1784	8	0X6Y66	64	3	4	3	30000	1500	2025-10-04				
1785	87	UQF8DW	22	5	2	0	31200	1560	2026-02-18				
1786	76	CH84J1	63	3	0	4	24000	1200	2025-12-09				
1787	44	4EG5VI	60	5	4	2	43200	2160	2025-07-04				
1788	49	QHQDT8	71	1	2	0	12000	600	2026-04-28				
1789	68	E00423	39	3	4	3	36000	1800	2025-06-19				
1790	37	8E7I8B	10	5	3	2	39600	1980	2025-12-24				
1791	11	801VE2	34	5	4	1	40800	2040	2025-06-24				
1792	2	7RVNLC	4	3	2	2	26400	1320	2025-10-14				
1793	29	35KD36	3	5	5	5	54000	2700	2026-02-05				
1794	54	PSQAZ0	23	5	0	4	33600	1680	2025-08-09				
1795	3	NNS9EE	9	5	3	5	46800	2340	2025-11-11				
1796	57	APOQN6	19	5	1	1	30000	1500	2025-07-16				
1797	20	BR62ZJ	41	3	4	2	33600	1680	2025-09-17				
1798	68	GI1CBH	62	0	3	0	9000	0	2025-07-04				
1799	85	98XPPY	47	4	5	5	41000	2050	2026-01-05				
1800	58	FYRD1S	4	0	0	5	10000	500	2025-10-30				
1801	62	JYC69S	23	3	1	5	25000	1250	2025-08-14				
1802	19	FKMV2Q	1	5	3	4	37000	1850	2025-09-03				
1803	79	H6KG6J	49	1	3	2	17000	850	2026-04-11				
1804	25	PWOMV5	16	4	4	4	36000	1800	2025-08-09				
1805	78	HMC458	27	1	4	1	18000	900	2025-12-19				
1806	88	DG1ABS	2	0	3	2	13000	650	2026-02-04				
1807	16	YUY27V	14	3	0	3	18000	900	2025-11-29				
1808	8	JSK25K	34	4	5	3	37000	1850	2025-06-16				
1809	89	A00RFJ	20	0	2	4	14000	700	2025-10-10				
1810	71	PMGT9U	54	0	4	3	18000	900	2025-10-21				
1811	95	WAZE23	44	5	4	3	38000	1900	2025-08-20				
1812	17	TPCFQ4	37	3	3	0	21000	1050	2025-06-20				
1813	30	7YX3RP	18	3	5	2	31000	1550	2025-08-09				
1814	83	410UO5	52	2	5	3	29000	1450	2025-12-21				
1815	64	05AAJ7	52	4	1	4	27000	1350	2025-12-20				
1816	50	KP66U9	15	5	2	5	36000	1800	2025-09-23				
1817	16	004BYH	45	4	4	4	36000	1800	2026-01-21				
1818	44	OMWT9I	49	0	1	2	7000	0	2026-01-26				
1819	7	Q88GVI	34	0	3	0	9000	0	2025-06-16				
1820	5	19KPG8	48	2	4	1	22000	1100	2025-07-04				
1821	35	8OTU1F	11	3	4	4	38400	1920	2025-09-22				
1822	24	5CNA5T	1	5	1	5	39600	1980	2025-09-09				
1823	26	BBFEM9	64	4	4	4	43200	2160	2025-10-26				
1824	96	ZFM3YS	8	5	0	5	36000	1800	2025-08-02				
1825	96	P6U7Y9	21	0	2	0	7200	0	2025-06-06				
1826	18	6XDBCL	25	4	0	3	26400	1320	2025-07-27				
1827	28	86QJTT	57	1	0	0	4800	0	2025-09-30				
1828	61	RLQLV5	5	4	5	0	37200	1860	2025-09-11				
1829	25	GAHVT3	19	5	0	1	26400	1320	2025-07-14				
1830	48	5WPIU1	32	2	0	5	21600	1080	2025-06-28				
1831	13	9HX3HU	57	4	5	0	37200	1860	2025-10-02				
1832	1	AE053B	1	1	4	5	31200	1560	2025-09-05				
1833	23	WLHP39	72	1	2	4	18000	900	2026-01-09				
1834	18	MMZJ1N	18	5	4	5	42000	2100	2025-08-16				
1835	20	0C343T	33	4	4	2	32000	1600	2025-08-18				
1836	37	B84PSR	72	3	3	3	27000	1350	2026-01-16				
1837	51	F7G0ZE	52	3	2	0	18000	900	2025-12-30				
1838	14	3R8TPI	47	1	1	2	11000	550	2026-01-03				
1839	50	2YKHVF	20	2	5	1	25000	1250	2025-10-16				
1840	30	YHW0Y0	64	3	4	0	24000	1200	2025-09-04				
1841	48	UZ920E	48	4	3	4	33000	1650	2025-06-27				
1842	42	4B3H91	71	2	4	2	24000	1200	2025-10-25				
1843	32	2R5Q72	68	4	1	2	23000	1150	2025-07-18				
1844	20	10C7XJ	66	3	4	5	34000	1700	2025-06-16				
1845	58	00QRLZ	53	4	2	3	28000	1400	2025-04-14				
1846	31	KE8MAS	6	0	3	4	17000	850	2026-01-05				
1847	23	Q57UUX	7	2	0	4	16000	800	2026-02-14				
1848	24	6FZLBG	56	3	1	0	15000	750	2026-04-02				
1849	24	RUMGO9	54	0	5	3	21000	1050	2025-10-16				
1850	38	W57FXH	63	4	2	1	24000	1200	2026-05-08				
1851	5	KX2K84	51	1	3	0	13000	650	2026-02-23				
1852	95	VDUX5P	5	4	4	0	28000	1400	2025-09-17				
1853	94	KFHQX8	48	1	1	2	11000	550	2025-06-24				
1854	28	8CYHOG	32	5	0	4	28000	1400	2025-06-24				
1855	47	SVV84P	43	1	0	1	6000	0	2025-08-02				
1856	15	BHIAZ2	7	1	5	1	21000	1050	2026-02-27				
1857	54	7IE5T3	36	1	0	1	7200	0	2025-08-02				
1858	100	VXP05A	68	4	0	1	21600	1080	2025-07-21				
1859	61	E7MD0N	21	4	3	5	42000	2100	2025-06-01				
1860	36	LWUGG4	16	4	0	3	26400	1320	2025-08-11				
1861	5	63O4JK	37	2	3	3	27600	1380	2025-06-24				
1862	30	ZRE0U6	14	5	5	1	44400	2220	2025-12-05				
1863	11	GAD9FO	38	4	5	0	37200	1860	2025-11-19				
1864	48	2S81C3	61	1	3	1	18000	900	2026-04-23				
1865	16	QWQVL3	72	0	5	4	27600	1380	2026-01-14				
1866	88	G97PM6	33	4	0	4	28800	1440	2025-08-05				
1867	44	9B0YR7	52	5	1	3	34800	1740	2026-03-04				
1868	66	FJPM61	51	0	0	4	9600	0	2025-11-23				
1869	63	FYCJ6I	20	1	2	1	14400	720	2025-10-21				
1870	60	4S5K6U	13	0	1	1	6000	0	2024-12-22				
1871	1	CU4D50	51	2	4	0	24000	1200	2025-12-20				
1872	92	0LAXU0	17	0	0	2	4000	0	2026-01-31				
1873	74	VHGZ5E	21	1	2	3	16000	800	2025-06-03				
1874	100	BZO1IK	13	2	4	0	20000	1000	2024-12-24				
1875	62	D8ZFJY	70	4	0	0	16000	800	2025-11-16				
1876	46	N5WN6W	5	1	3	0	13000	650	2025-09-15				
1877	38	D8OTO2	49	1	4	0	16000	800	2026-05-13				
1878	20	78RVAV	53	4	5	0	31000	1550	2025-06-24				
1879	12	O3JMXP	39	4	1	1	21000	1050	2025-06-22				
1880	55	T0681U	38	5	0	0	20000	1000	2025-11-13				
1881	60	31B6G5	22	2	0	3	14000	700	2026-02-16				
1882	75	I6CLX0	51	5	5	0	35000	1750	2025-11-10				
1883	38	U4A8PN	70	0	2	0	6000	0	2025-11-11				
1884	67	Y87FOS	71	3	5	4	35000	1750	2025-12-25				
1885	93	M8N823	2	2	4	5	30000	1500	2026-02-10				
1886	96	C9ABH9	31	1	4	1	18000	900	2025-11-14				
1887	19	OI8Q3L	41	5	4	2	36000	1800	2025-09-17				
1888	1	UKNKY1	69	5	1	3	29000	1450	2025-11-17				
1889	12	34KIC3	46	5	4	1	34000	1700	2026-02-07				
1890	98	Q1B5S8	46	4	1	1	21000	1050	2026-02-01				
1891	28	0X8FZH	38	2	1	2	15000	750	2025-11-17				
1892	93	U5CSF7	2	1	2	5	20000	1000	2026-02-04				
1893	93	GY6ROT	47	2	1	0	11000	550	2026-01-04				
1894	80	SJA1RQ	40	4	0	1	18000	900	2026-02-10				
1895	6	7WJ10L	32	4	3	5	42000	2100	2025-06-14				
1896	33	S2LMRJ	12	5	5	1	44400	2220	2025-10-07				
1897	77	050GFP	3	2	3	5	32400	1620	2026-02-02				
1898	9	DZH9R1	63	4	1	1	25200	1260	2025-10-19				
1899	13	8X5QBI	44	4	0	1	21600	1080	2025-08-15				
1900	29	VRY5MC	22	4	0	1	21600	1080	2026-02-19				
1901	48	MJ25GY	15	3	2	0	21600	1080	2025-09-22				
1902	42	0V8KE6	3	5	5	5	54000	2700	2026-01-31				
1903	88	LLRWP6	12	3	5	4	42000	2100	2025-10-09				
1904	5	3KDBFI	52	5	1	4	37200	1860	2026-03-10				
1905	53	0EIU8C	51	3	3	4	34800	1740	2026-03-06				
1906	62	NFPOK5	19	2	5	4	37200	1860	2025-07-11				
1907	90	5SOOLN	30	0	4	4	24000	1200	2025-06-03				
1908	72	6EKQJX	47	5	2	3	38400	1920	2026-01-05				
1909	67	C0PBQ9	2	1	5	5	34800	1740	2026-02-13				
1910	25	O5WVFQ	43	3	2	4	26000	1300	2025-07-17				
1911	19	K0D793	44	4	0	4	24000	1200	2025-08-13				
1912	45	3U7DJB	44	2	2	4	22000	1100	2025-08-14				
1913	79	ZL8J0U	40	5	1	4	31000	1550	2026-02-07				
1914	61	S91TP3	28	5	1	3	29000	1450	2025-12-06				
1915	8	E7F95H	55	1	2	4	18000	900	2025-11-11				
1916	67	MKUH78	35	1	2	1	12000	600	2025-12-05				
1917	43	A1FAFP	41	4	0	4	24000	1200	2025-09-09				
1918	86	R2JUGA	7	0	3	1	11000	550	2026-02-17				
1919	69	JF2X6E	27	2	2	2	18000	900	2025-12-15				
1920	18	7EESQR	30	1	4	4	24000	1200	2025-06-02				
1921	33	5OYYZY	1	2	5	0	23000	1150	2025-09-09				
1922	26	MF79FP	29	3	3	0	21000	1050	2025-12-30				
1923	72	RV2447	70	5	0	2	24000	1200	2025-11-25				
1924	56	3ESUT0	25	2	3	5	27000	1350	2025-07-24				
1925	46	7XT15H	9	0	5	5	25000	1250	2025-11-10				
1926	17	7UDYE9	43	4	4	3	34000	1700	2025-07-26				
1927	66	0I5807	40	4	4	0	28000	1400	2026-02-13				
1928	97	0Y3QH4	41	5	3	4	37000	1850	2025-09-08				
1929	15	0PLIXF	69	3	0	5	22000	1100	2025-11-18				
1930	1	SXY24R	14	5	0	3	26000	1300	2025-12-01				
1931	92	C49NWX	50	4	5	4	39000	1950	2025-09-17				
1932	86	6YYPKK	38	2	2	4	22000	1100	2025-11-23				
1933	46	IFW169	23	3	4	4	32000	1600	2025-08-09				
1934	82	REV3LH	67	1	3	1	15000	750	2025-07-30				
1935	82	2LZ9WK	8	3	1	5	25000	1250	2025-08-01				
1936	42	2X82PQ	1	1	1	4	15000	750	2025-09-04				
1937	45	JEF4SY	69	3	3	4	29000	1450	2025-10-18				
1938	72	1QUDCO	52	2	5	5	33000	1650	2025-12-26				
1939	75	77P3R5	63	3	2	4	26000	1300	2026-04-07				
1940	65	F4PBUW	48	1	0	0	4000	0	2025-07-03				
1941	41	FNS6IK	4	1	3	3	19000	950	2025-10-31				
1942	52	DQSS4B	62	1	0	1	6000	0	2026-01-03				
1943	95	FG6YQO	62	5	3	4	37000	1850	2025-05-21				
1944	20	244XVN	8	3	3	1	27600	1380	2025-08-02				
1945	6	HPRIF7	3	2	5	1	30000	1500	2026-01-17				
1946	49	OD8CL5	45	0	0	3	7200	0	2026-01-18				
1947	87	KR025Q	46	1	1	2	13200	660	2026-02-01				
1948	36	HQ0HKF	45	5	1	3	34800	1740	2026-01-17				
1949	5	TONS8P	62	0	5	1	20400	1020	2026-05-03				
1950	64	3TT1GF	37	5	0	0	24000	1200	2025-06-26				
1951	90	ULT421	30	0	2	2	10000	500	2025-06-11				
1952	8	3GNUKX	59	3	1	3	21000	1050	2025-11-25				
1953	76	ZDZS79	58	3	0	4	20000	1000	2025-10-19				
1954	83	54J8IN	27	5	2	2	30000	1500	2025-12-20				
1955	24	4AFSAB	70	0	0	3	6000	0	2025-11-29				
1956	54	T0VI7O	50	5	5	5	45000	2250	2025-09-09				
1957	94	0NAU16	37	1	3	0	13000	650	2025-06-17				
1958	28	56KQHT	67	0	5	1	17000	850	2025-07-20				
1959	32	87MQPD	54	0	3	3	15000	750	2025-12-04				
1960	14	J07QQC	27	5	4	5	42000	2100	2025-12-22				
1961	10	MMU98N	51	1	2	1	12000	600	2026-03-22				
1962	99	X06DD5	67	0	5	3	21000	1050	2025-08-01				
1963	60	2FYLDP	42	1	1	1	9000	0	2025-12-30				
1964	22	LD62KS	13	3	0	2	16000	800	2024-12-24				
1965	61	JMWV2Q	64	5	1	0	23000	1150	2025-08-12				
1966	53	ZL59B8	66	2	1	0	11000	550	2025-06-11				
1967	34	9Q5XM8	1	2	1	2	15000	750	2025-09-04				
1968	27	H0LTBE	6	3	5	3	33000	1650	2026-01-08				
1969	51	JE24LU	46	0	2	5	19200	960	2026-02-09				
1970	92	E05RS3	57	2	2	1	19200	960	2025-09-27				
1971	66	XSQ11U	40	0	3	2	15600	780	2026-02-07				
1972	11	UCFP9C	60	3	0	0	14400	720	2025-06-15				
1973	59	TGN0AT	21	1	1	5	20400	1020	2025-06-08				
1974	84	SN6I08	22	2	1	2	18000	900	2026-02-16				
1975	63	PG0FLG	10	2	3	1	22800	1140	2025-12-21				
1976	95	DC3JA1	9	2	4	2	28800	1440	2025-11-17				
1977	49	4IGAJO	27	0	2	3	14400	720	2025-12-20				
1978	53	LT8WU1	23	3	0	4	20000	1000	2025-08-16				
1979	95	WBY8JR	30	3	0	1	14000	700	2025-06-08				
1980	12	251TKA	49	4	0	2	20000	1000	2026-06-12				
1981	76	F2LPF2	15	5	5	0	35000	1750	2025-09-24				
1982	40	UTET2D	69	0	4	0	12000	600	2025-10-19				
1983	24	1RA7D6	40	4	3	5	35000	1750	2026-02-11				
1984	93	20EQ07	10	3	5	5	37000	1850	2025-12-23				
1985	45	QIMJ13	10	1	5	0	19000	950	2025-12-20				
1986	70	TI26S2	50	5	2	2	30000	1500	2025-11-16				
1987	42	IYRX8L	21	1	5	5	29000	1450	2025-06-09				
1988	72	9D7ALV	3	1	0	2	8000	0	2026-01-21				
1989	94	WO6VJP	72	0	2	0	6000	0	2026-01-17				
1990	53	1V3T7C	20	4	1	1	21000	1050	2025-10-24				
1991	49	Z4HM1Q	53	4	5	0	31000	1550	2026-02-27				
1992	56	B3ZZVH	53	5	2	4	34000	1700	2025-06-08				
